<?xml version="1.0" encoding="UTF-8"?>

<!DOCTYPE svg PUBLIC "-//W3C//DTD SVG 1.1//EN"
  "http://www.w3.org/Graphics/SVG/1.1/DTD/svg11.dtd" [
 <!ATTLIST g apsname CDATA #IMPLIED>
 <!ATTLIST g apstype CDATA #IMPLIED>
]>

<!-- Generator: Creation Date:2021-07-05 by DrawSVG v11.0.1 build 12836
  TechSVG Profile Copyright(c) 2012-2020 Larson Software Technology, Inc.
--> 
<svg
 xmlns="http://www.w3.org/2000/svg"
 xmlns:xlink="http://www.w3.org/1999/xlink"
 xmlns:ev="http://www.w3.org/2001/xml-events"
 version="1.1"
 width="6.744in" height="3.791in"
 viewBox="0.000 0.000 6.744 3.791"
 stroke="none" stroke-linejoin="round" stroke-linecap="round" fill="none"
 fill-rule="evenodd" lengthAdjust="spacingAndGlyphs"
 preserveAspectRatio="xMidYMid meet" zoomAndPan="magnify">

<desc>
Created by IsoDraw 7.1,CGM Filter 7.01.70.14
</desc>

<rect fill="#FFFFFF" x="0" y="0" width="6.744" height="3.791" />

<defs>
</defs>

<!--start metafileId:pictureId-27961084:Picture 1-->
<g id="IsoStructure" apstype="grobject">
</g>
<g id="IsoL1" apstype="grobject" apsname="Standard layer">
</g>
<g id="IsoL2" apstype="grobject" apsname="Pixelgrafik">
</g>
<g id="IsoL3" apstype="grobject" apsname="HG">
<path  fill="#C8C8C8" d="M1.7 3.752C1.7 3.752 1.609 3.296 1.614 3.214C1.62 3.133 1.682 2.828 1.745 2.611C1.807 2.394 2.348 .834 2.386 .758C2.424 .682 2.465 .608 2.465 .608C2.465 .608 2.511 .608 2.511 .608C2.511 .608 2.571 .516 2.571 .516C2.571 .516 2.54 .52 2.525 .516C2.51 .512 2.495 .496 2.496 .467C2.498 .438 2.491 .398 2.493 .387C2.496 .376 2.512 .357 2.525 .349C2.537 .341 2.583 .292 2.598 .285C2.613 .278 2.632 .285 2.632 .285C2.632 .285 2.661 .207 2.697 .141C2.733 .074 2.738 .059 2.768 .039C2.768 .039 6.705 .039 6.705 .039C6.705 .039 6.705 3.752 6.705 3.752C6.705 3.752 1.7 3.752 1.7 3.752Z
"/>
<polyline stroke="#000000" stroke-width="0.006944" points="1.7 3.752 1.699 3.752 1.699 3.751 1.699 3.75 1.699 3.749 1.698 3.747 1.698 3.745 1.698 3.742 1.697 3.739 1.696 3.736 1.696 3.732 1.695 3.728 1.694 3.724 1.693 3.719 1.692 3.715 1.691 3.709 1.69 3.704 1.689 3.698 1.688 3.692 1.687 3.686 1.685 3.679 1.684 3.673 1.683 3.666 1.681 3.659 1.68 3.651 1.679 3.644 1.677 3.636 1.676 3.628 1.674 3.62 1.673 3.612 1.671 3.603 1.67 3.595 1.668 3.586 1.666 3.577 1.665 3.569 1.663 3.56 1.661 3.551 1.66 3.541 1.658 3.532 1.657 3.523 1.655 3.514 1.653 3.504 1.652 3.495 1.65 3.486 1.648 3.476 1.647 3.467 1.645 3.457 1.644 3.448 1.642 3.439 1.64 3.429 1.639 3.42 1.637 3.411 1.636 3.402 1.634 3.393 1.633 3.384 1.632 3.375 1.63 3.366 1.629 3.358 1.628 3.349 1.627 3.341 1.625 3.333 1.624 3.325 1.623 3.317 1.622 3.309 1.621 3.302 1.62 3.294 1.619 3.287 1.619 3.28 1.618 3.273 1.617 3.267 1.616 3.261 1.616 3.255 1.615 3.249 1.615 3.244 1.615 3.239 1.614 3.234 1.614 3.229 1.614 3.225 1.614 3.221 1.614 3.218 1.614 3.214 1.614 3.214 1.615 3.211 1.615 3.208 1.615 3.205 1.615 3.202 1.616 3.199 1.616 3.195 1.617 3.191 1.617 3.187 1.618 3.183 1.618 3.179 1.619 3.174 1.62 3.17 1.62 3.165 1.621 3.16 1.622 3.156 1.622 3.151 1.623 3.145 1.624 3.14 1.625 3.135 1.626 3.129 1.627 3.123 1.628 3.118 1.629 3.112 1.63 3.106 1.631 3.1 1.632 3.094 1.633 3.087 1.635 3.081 1.636 3.074 1.637 3.068 1.638 3.061 1.64 3.054 1.641 3.048 1.642 3.041 1.644 3.034 1.645 3.027 1.647 3.019 1.648 3.012 1.65 3.005 1.651 2.997 1.653 2.99 1.654 2.983 1.656 2.975 1.657 2.967 1.659 2.96 1.661 2.952 1.662 2.944 1.664 2.937 1.666 2.929 1.667 2.921 1.669 2.913 1.671 2.905 1.673 2.897 1.675 2.889 1.676 2.881 1.678 2.873 1.68 2.865 1.682 2.857 1.684 2.849 1.686 2.841 1.688 2.832 1.69 2.824 1.691 2.816 1.693 2.808 1.695 2.8 1.697 2.792 1.699 2.784 1.701 2.775 1.703 2.767 1.705 2.759 1.707 2.751 1.709 2.743 1.711 2.735 1.713 2.727 1.716 2.719 1.718 2.711 1.72 2.703 1.722 2.695 1.724 2.687 1.726 2.679 1.728 2.672 1.73 2.664 1.732 2.656 1.734 2.648 1.736 2.641 1.738 2.633 1.741 2.626 1.743 2.618 1.745 2.611 1.745 2.611 1.745 2.609 1.746 2.606 1.747 2.603 1.748 2.601 1.749 2.598 1.75 2.595 1.75 2.592 1.751 2.589 1.752 2.585 1.753 2.582 1.755 2.579 1.756 2.575 1.757 2.572 1.758 2.568 1.759 2.564 1.76 2.56 1.762 2.556 1.763 2.552 1.764 2.548 1.766 2.543 1.767 2.539 1.768 2.535 1.77 2.53 1.771 2.525 1.773 2.521 1.775 2.516 1.776 2.511 1.778 2.506 1.779 2.501 1.781 2.496 1.783 2.49 1.784 2.485 1.786 2.48 1.788 2.474 1.79 2.469 1.792 2.463 1.794 2.457 1.796 2.451 1.797 2.446 1.799 2.44 1.801 2.434 1.803 2.428 1.805 2.421 1.808 2.415 1.81 2.409 1.812 2.402 1.814 2.396 1.816 2.39 1.818 2.383 1.82 2.376 1.823 2.37 1.825 2.363 1.827 2.356 1.83 2.349 1.832 2.342 1.834 2.335 1.837 2.328 1.839 2.321 1.841 2.314 1.844 2.306 1.846 2.299 1.849 2.292 1.851 2.284 1.854 2.277 1.856 2.269 1.859 2.262 1.861 2.254 1.864 2.246 1.867 2.239 1.869 2.231 1.872 2.223 1.875 2.215 1.877 2.207 1.88 2.199 1.883 2.191 1.885 2.183 1.888 2.175 1.891 2.167 1.894 2.158 1.897 2.15 1.899 2.142 1.902 2.133 1.905 2.125 1.908 2.117 1.911 2.108 1.914 2.1 1.917 2.091 1.92 2.083 1.923 2.074 1.925 2.065 1.928 2.057 1.931 2.048 1.934 2.039 1.937 2.03 1.94 2.022 1.943 2.013 1.946 2.004 1.949 1.995 1.952 1.986 1.956 1.977 1.959 1.968 1.962 1.959 1.965 1.95 1.968 1.941 1.971 1.932 1.974 1.923 1.977 1.914 1.98 1.905 1.983 1.896 1.987 1.887 1.99 1.878 1.993 1.868 1.996 1.859 1.999 1.85 2.002 1.841 2.006 1.831 2.009 1.822 2.012 1.813 2.015 1.804 2.018 1.794 2.022 1.785 2.025 1.776 2.028 1.767 2.031 1.757 2.034 1.748 2.038 1.739 2.041 1.729 2.044 1.72 2.047 1.711 2.05 1.701 2.054 1.692 2.057 1.683 2.06 1.673 2.063 1.664 2.067 1.655 2.07 1.645 2.073 1.636 2.076 1.627 2.079 1.617 2.083 1.608 2.086 1.599 2.089 1.59 2.092 1.58 2.096 1.571 2.099 1.562 2.102 1.553 2.105 1.543 2.108 1.534 2.112 1.525 2.115 1.516 2.118 1.507 2.121 1.497 2.124 1.488 2.127 1.479 2.131 1.47 2.134 1.461 2.137 1.452 2.14 1.443 2.143 1.434 2.146 1.425 2.149 1.416 2.153 1.407 2.156 1.398 2.159 1.389 2.162 1.38 2.165 1.372 2.168 1.363 2.171 1.354 2.174 1.345 2.177 1.337 2.18 1.328 2.183 1.319 2.186 1.311 2.189 1.302 2.192 1.293 2.195 1.285 2.198 1.276 2.201 1.268 2.204 1.26 2.207 1.251 2.21 1.243 2.213 1.235 2.216 1.226 2.219 1.218 2.222 1.21 2.224 1.202 2.227 1.194 2.23 1.186 2.233 1.178 2.236 1.17 2.238 1.162 2.241 1.154 2.244 1.147 2.247 1.139 2.249 1.131 2.252 1.124 2.255 1.116 2.257 1.109 2.26 1.101 2.263 1.094 2.265 1.086 2.268 1.079 2.27 1.072 2.273 1.065 2.276 1.058 2.278 1.051 2.28 1.044 2.283 1.037 2.285 1.03 2.288 1.023 2.29 1.016 2.293 1.01 2.295 1.003 2.297 .997 2.3 .99 2.302 .984 2.304 .977 2.306 .971 2.309 .965 2.311 .959 2.313 .953 2.315 .947 2.317 .941 2.319 .935 2.321 .929 2.323 .924 2.325 .918 2.327 .913 2.329 .907 2.331 .902 2.333 .897 2.335 .891 2.337 .886 2.339 .881 2.341 .876 2.342 .872 2.344 .867 2.346 .862 2.348 .858 2.349 .853 2.351 .849 2.352 .844 2.354 .84 2.355 .836 2.357 .832 2.358 .828 2.36 .824 2.361 .82 2.363 .817 2.364 .813 2.365 .81 2.367 .806 2.368 .803 2.369 .8 2.37 .797 2.371 .794 2.372 .791 2.374 .788 2.375 .786 2.376 .783 2.377 .781 2.377 .778 2.378 .776 2.379 .774 2.38 .772 2.381 .77 2.382 .768 2.382 .766 2.383 .765 2.384 .763 2.384 .762 2.385 .761 2.385 .76 2.386 .759 2.386 .758 2.386 .758 2.391 .747 2.397 .737 2.402 .727 2.407 .717 2.412 .707 2.417 .698 2.422 .688 2.427 .679 2.431 .671 2.436 .662 2.44 .655 2.444 .647 2.447 .64 2.451 .634 2.454 .628 2.457 .623 2.459 .619 2.461 .615 2.463 .612 2.464 .61 2.465 .609 2.465 .608 2.465 .608 2.511 .608 2.511 .608 2.571 .516 2.571 .516 2.569 .516 2.564 .517 2.557 .517 2.549 .518 2.54 .518 2.532 .517 2.525 .516 2.525 .516 2.518 .513 2.512 .509 2.507 .504 2.502 .497 2.499 .488 2.497 .478 2.496 .467 2.496 .467 2.496 .46 2.496 .452 2.496 .444 2.495 .436 2.495 .428 2.494 .42 2.494 .413 2.493 .406 2.493 .4 2.493 .395 2.493 .39 2.493 .387 2.493 .387 2.496 .381 2.5 .374 2.505 .367 2.512 .36 2.518 .354 2.525 .349 2.525 .349 2.529 .346 2.534 .341 2.541 .335 2.548 .328 2.556 .32 2.564 .313 2.572 .305 2.58 .298 2.587 .292 2.593 .288 2.598 .285 2.598 .285 2.607 .282 2.616 .282 2.624 .283 2.63 .284 2.632 .285 2.632 .285 2.632 .284 2.633 .283 2.634 .28 2.635 .277 2.637 .273 2.639 .268 2.641 .262 2.644 .256 2.646 .249 2.649 .242 2.653 .234 2.656 .225 2.66 .217 2.664 .208 2.668 .198 2.673 .189 2.677 .179 2.682 .17 2.687 .16 2.692 .15 2.697 .141 2.697 .141 2.704 .128 2.71 .117 2.715 .107 2.72 .097 2.725 .089 2.729 .082 2.733 .075 2.737 .07 2.74 .064 2.744 .06 2.748 .055 2.753 .051 2.757 .047 2.763 .043 2.768 .039 2.768 .039 6.705 .039 6.705 .039 6.705 3.752 6.705 3.752 1.7 3.752"/>
<g id="IsoG1" apstype="grobject">
<path  fill="#3F3F3F" d="M3.671 .95C3.671 .95 3.654 1.047 3.654 1.047C3.654 1.047 3.58 1.119 3.58 1.119C3.58 1.119 3.449 1.705 3.449 1.705C3.449 1.705 3.292 2.294 3.292 2.294C3.292 2.294 3.325 2.535 3.325 2.535C3.325 2.535 4.384 2.828 4.384 2.828C4.384 2.828 4.77 2.53 4.77 2.53C4.77 2.53 5.105 1.355 5.105 1.355C5.105 1.355 4.54 1.193 4.54 1.193C4.54 1.193 4.538 1.147 4.538 1.147C4.538 1.147 4.56 1.076 4.56 1.076C4.56 1.076 4.584 .96 4.584 .96C4.584 .96 4.204 .882 4.204 .882C4.204 .882 4.18 1.0 4.18 1.0C4.18 1.0 4.166 1.078 4.166 1.078C4.166 1.078 3.696 .994 3.696 .994C3.696 .994 3.671 .95 3.671 .95Z
"/>
<polyline stroke="#000000" stroke-width="0.006944" points="3.671 .95 3.654 1.047 3.654 1.047 3.58 1.119 3.58 1.119 3.449 1.705 3.449 1.705 3.292 2.294 3.292 2.294 3.325 2.535 3.325 2.535 4.384 2.828 4.384 2.828 4.77 2.53 4.77 2.53 5.105 1.355 5.105 1.355 4.54 1.193 4.54 1.193 4.538 1.147 4.538 1.147 4.56 1.076 4.56 1.076 4.584 .96 4.584 .96 4.204 .882 4.204 .882 4.18 1.0 4.18 1.0 4.166 1.078 4.166 1.078 3.696 .994 3.696 .994 3.671 .95"/>
<path  fill="#5A5A5A" d="M3.327 2.58C3.327 2.58 3.509 2.626 3.509 2.626C3.509 2.626 3.503 2.642 3.506 2.648C3.508 2.655 3.654 2.686 3.672 2.689C3.69 2.692 3.694 2.656 3.694 2.656C3.694 2.656 3.703 2.645 3.725 2.65C3.747 2.655 3.753 2.675 3.753 2.675C3.753 2.675 3.74 2.707 3.766 2.712C3.791 2.718 3.813 2.722 3.813 2.722C3.813 2.722 3.785 2.855 3.785 2.855C3.785 2.855 3.896 2.878 3.896 2.878C3.896 2.878 3.866 3.027 3.866 3.027C3.866 3.027 3.873 3.056 3.934 3.074C3.934 3.074 3.925 3.14 3.925 3.14C3.925 3.14 3.933 3.157 3.966 3.161C3.966 3.161 3.823 3.752 3.823 3.752C3.823 3.752 4.146 3.752 4.146 3.752C4.146 3.752 4.266 3.264 4.269 3.247C4.273 3.23 4.283 3.224 4.3 3.227C4.317 3.23 4.336 3.238 4.343 3.214C4.349 3.191 4.396 2.982 4.396 2.982C4.396 2.982 4.863 3.085 4.881 3.085C4.898 3.085 4.896 3.068 4.899 3.049C4.901 3.031 5.271 1.308 5.275 1.294C5.275 1.285 5.267 1.28 5.251 1.279C5.235 1.277 5.07 1.235 5.07 1.235C5.07 1.235 5.056 1.258 5.056 1.258C5.056 1.258 5.042 1.252 5.042 1.252C5.042 1.252 5.046 1.231 5.046 1.231C5.046 1.231 4.554 1.127 4.554 1.127C4.554 1.127 4.563 1.077 4.563 1.077C4.563 1.077 4.459 1.059 4.459 1.059C4.459 1.059 4.43 1.205 4.43 1.205C4.43 1.205 4.555 1.232 4.573 1.236C4.59 1.241 4.591 1.261 4.587 1.278C4.584 1.294 4.563 1.381 4.56 1.391C4.557 1.401 4.538 1.4 4.517 1.396C4.497 1.393 3.732 1.232 3.7 1.224C3.667 1.216 3.667 1.245 3.663 1.263C3.66 1.281 3.66 1.277 3.66 1.277C3.66 1.277 3.601 1.265 3.601 1.265C3.601 1.265 3.558 1.494 3.558 1.494C3.558 1.494 3.613 1.507 3.613 1.507C3.613 1.507 4.296 1.655 4.318 1.661C4.341 1.667 4.342 1.693 4.338 1.71C4.334 1.727 4.322 1.78 4.322 1.78C4.322 1.78 3.829 1.669 3.8 1.664C3.771 1.658 3.743 1.646 3.707 1.666C3.671 1.686 3.671 1.732 3.68 1.75C3.688 1.769 3.711 1.786 3.711 1.786C3.711 1.786 4.29 1.917 4.29 1.917C4.29 1.917 4.262 2.03 4.262 2.03C4.262 2.03 3.534 1.883 3.534 1.883C3.534 1.883 3.438 2.334 3.438 2.334C3.438 2.334 4.305 2.532 4.305 2.532C4.305 2.532 4.315 2.53 4.312 2.551C4.308 2.572 4.28 2.707 4.28 2.707C4.28 2.707 4.129 2.676 4.129 2.676C4.129 2.676 4.13 2.666 4.13 2.666C4.13 2.666 3.387 2.523 3.372 2.519C3.357 2.514 3.315 2.529 3.327 2.58Z
"/>
<polyline stroke="#000000" stroke-width="0.006944" points="3.327 2.58 3.509 2.626 3.509 2.626 3.508 2.628 3.506 2.634 3.505 2.642 3.506 2.648 3.506 2.648 3.507 2.649 3.509 2.65 3.512 2.651 3.517 2.653 3.522 2.655 3.529 2.656 3.536 2.658 3.543 2.66 3.552 2.662 3.56 2.664 3.569 2.667 3.579 2.669 3.588 2.671 3.597 2.673 3.607 2.675 3.616 2.677 3.625 2.679 3.633 2.681 3.641 2.683 3.648 2.684 3.655 2.686 3.661 2.687 3.666 2.688 3.67 2.688 3.672 2.689 3.672 2.689 3.682 2.687 3.688 2.679 3.692 2.669 3.694 2.66 3.694 2.656 3.694 2.656 3.695 2.655 3.699 2.653 3.705 2.65 3.713 2.649 3.725 2.65 3.725 2.65 3.738 2.656 3.747 2.665 3.752 2.672 3.753 2.675 3.753 2.675 3.752 2.678 3.751 2.684 3.75 2.692 3.751 2.7 3.756 2.708 3.766 2.712 3.766 2.712 3.776 2.715 3.786 2.717 3.795 2.718 3.802 2.72 3.808 2.721 3.811 2.721 3.813 2.722 3.813 2.722 3.785 2.855 3.785 2.855 3.896 2.878 3.896 2.878 3.866 3.027 3.866 3.027 3.866 3.028 3.867 3.03 3.869 3.034 3.872 3.038 3.877 3.044 3.884 3.049 3.892 3.056 3.903 3.062 3.917 3.068 3.934 3.074 3.934 3.074 3.925 3.14 3.925 3.14 3.926 3.141 3.928 3.145 3.933 3.149 3.941 3.154 3.951 3.158 3.966 3.161 3.966 3.161 3.823 3.752 3.823 3.752 4.146 3.752 4.146 3.752 4.146 3.752 4.146 3.751 4.147 3.75 4.147 3.748 4.148 3.746 4.148 3.743 4.149 3.74 4.15 3.736 4.151 3.733 4.152 3.728 4.153 3.724 4.154 3.718 4.156 3.713 4.157 3.707 4.159 3.701 4.16 3.695 4.162 3.688 4.163 3.681 4.165 3.674 4.167 3.666 4.169 3.658 4.171 3.65 4.173 3.642 4.175 3.634 4.177 3.625 4.179 3.616 4.182 3.607 4.184 3.598 4.186 3.589 4.188 3.579 4.191 3.57 4.193 3.56 4.195 3.55 4.198 3.54 4.2 3.531 4.203 3.521 4.205 3.511 4.208 3.501 4.21 3.491 4.212 3.481 4.215 3.471 4.217 3.461 4.22 3.452 4.222 3.442 4.224 3.432 4.227 3.423 4.229 3.413 4.231 3.404 4.233 3.395 4.236 3.385 4.238 3.377 4.24 3.368 4.242 3.359 4.244 3.351 4.246 3.343 4.248 3.335 4.25 3.327 4.252 3.32 4.253 3.313 4.255 3.306 4.257 3.3 4.258 3.293 4.26 3.287 4.261 3.282 4.262 3.277 4.263 3.272 4.264 3.267 4.265 3.263 4.266 3.26 4.267 3.256 4.268 3.254 4.268 3.251 4.269 3.249 4.269 3.248 4.269 3.247 4.269 3.247 4.272 3.238 4.277 3.232 4.283 3.228 4.291 3.226 4.3 3.227 4.3 3.227 4.309 3.229 4.317 3.23 4.325 3.23 4.333 3.229 4.338 3.224 4.343 3.214 4.343 3.214 4.343 3.212 4.344 3.209 4.345 3.204 4.346 3.2 4.348 3.194 4.349 3.188 4.351 3.181 4.352 3.174 4.354 3.166 4.356 3.158 4.358 3.149 4.36 3.141 4.362 3.131 4.364 3.122 4.366 3.113 4.368 3.103 4.371 3.094 4.373 3.084 4.375 3.075 4.377 3.066 4.379 3.057 4.381 3.048 4.383 3.039 4.385 3.031 4.387 3.024 4.388 3.016 4.39 3.01 4.391 3.003 4.392 2.998 4.393 2.993 4.394 2.989 4.395 2.986 4.396 2.983 4.396 2.982 4.396 2.982 4.396 2.982 4.396 2.982 4.397 2.982 4.398 2.982 4.4 2.982 4.403 2.983 4.405 2.984 4.408 2.984 4.412 2.985 4.416 2.986 4.421 2.987 4.426 2.988 4.431 2.989 4.436 2.99 4.442 2.992 4.449 2.993 4.455 2.995 4.462 2.996 4.469 2.998 4.477 2.999 4.485 3.001 4.493 3.003 4.501 3.005 4.509 3.006 4.518 3.008 4.527 3.01 4.536 3.012 4.545 3.014 4.554 3.016 4.564 3.018 4.573 3.02 4.583 3.022 4.592 3.025 4.602 3.027 4.612 3.029 4.622 3.031 4.632 3.033 4.642 3.035 4.652 3.037 4.662 3.04 4.671 3.042 4.681 3.044 4.691 3.046 4.701 3.048 4.71 3.05 4.72 3.052 4.729 3.054 4.738 3.056 4.747 3.058 4.756 3.06 4.765 3.062 4.773 3.064 4.782 3.065 4.79 3.067 4.798 3.069 4.805 3.07 4.813 3.072 4.82 3.073 4.826 3.075 4.833 3.076 4.839 3.077 4.845 3.078 4.85 3.079 4.855 3.08 4.86 3.081 4.864 3.082 4.868 3.083 4.871 3.083 4.874 3.084 4.876 3.084 4.878 3.085 4.88 3.085 4.881 3.085 4.881 3.085 4.889 3.083 4.894 3.078 4.896 3.07 4.898 3.06 4.899 3.049 4.899 3.049 4.899 3.049 4.899 3.049 4.899 3.048 4.899 3.047 4.899 3.047 4.9 3.046 4.9 3.044 4.9 3.043 4.9 3.042 4.901 3.04 4.901 3.038 4.901 3.036 4.902 3.034 4.902 3.032 4.903 3.03 4.903 3.028 4.904 3.025 4.904 3.022 4.905 3.019 4.906 3.017 4.906 3.013 4.907 3.01 4.908 3.007 4.908 3.004 4.909 3.0 4.91 2.996 4.911 2.992 4.912 2.989 4.912 2.984 4.913 2.98 4.914 2.976 4.915 2.972 4.916 2.967 4.917 2.962 4.918 2.958 4.919 2.953 4.92 2.948 4.921 2.943 4.922 2.938 4.923 2.932 4.925 2.927 4.926 2.922 4.927 2.916 4.928 2.91 4.929 2.904 4.931 2.899 4.932 2.893 4.933 2.887 4.935 2.88 4.936 2.874 4.937 2.868 4.939 2.861 4.94 2.855 4.941 2.848 4.943 2.841 4.944 2.834 4.946 2.828 4.947 2.821 4.949 2.814 4.95 2.806 4.952 2.799 4.953 2.792 4.955 2.784 4.957 2.777 4.958 2.769 4.96 2.762 4.961 2.754 4.963 2.746 4.965 2.738 4.966 2.731 4.968 2.723 4.97 2.715 4.972 2.706 4.973 2.698 4.975 2.69 4.977 2.682 4.979 2.673 4.98 2.665 4.982 2.656 4.984 2.648 4.986 2.639 4.988 2.63 4.99 2.622 4.992 2.613 4.993 2.604 4.995 2.595 4.997 2.586 4.999 2.577 5.001 2.568 5.003 2.559 5.005 2.55 5.007 2.541 5.009 2.532 5.011 2.522 5.013 2.513 5.015 2.504 5.017 2.494 5.019 2.485 5.021 2.475 5.023 2.466 5.025 2.456 5.027 2.447 5.029 2.437 5.031 2.428 5.033 2.418 5.035 2.408 5.037 2.399 5.04 2.389 5.042 2.379 5.044 2.369 5.046 2.359 5.048 2.35 5.05 2.34 5.052 2.33 5.054 2.32 5.056 2.31 5.059 2.3 5.061 2.29 5.063 2.28 5.065 2.27 5.067 2.26 5.069 2.25 5.071 2.24 5.074 2.23 5.076 2.22 5.078 2.21 5.08 2.2 5.082 2.19 5.084 2.18 5.086 2.17 5.089 2.16 5.091 2.15 5.093 2.14 5.095 2.13 5.097 2.12 5.099 2.11 5.101 2.1 5.104 2.09 5.106 2.08 5.108 2.07 5.11 2.06 5.112 2.05 5.114 2.04 5.116 2.03 5.119 2.02 5.121 2.01 5.123 2.0 5.125 1.991 5.127 1.981 5.129 1.971 5.131 1.961 5.133 1.951 5.135 1.942 5.137 1.932 5.14 1.922 5.142 1.913 5.144 1.903 5.146 1.893 5.148 1.884 5.15 1.874 5.152 1.865 5.154 1.855 5.156 1.846 5.158 1.837 5.16 1.827 5.162 1.818 5.164 1.809 5.166 1.799 5.168 1.79 5.17 1.781 5.172 1.772 5.174 1.763 5.176 1.754 5.177 1.745 5.179 1.736 5.181 1.727 5.183 1.719 5.185 1.71 5.187 1.701 5.189 1.693 5.191 1.684 5.192 1.676 5.194 1.667 5.196 1.659 5.198 1.651 5.2 1.642 5.201 1.634 5.203 1.626 5.205 1.618 5.206 1.61 5.208 1.602 5.21 1.594 5.212 1.587 5.213 1.579 5.215 1.571 5.216 1.564 5.218 1.557 5.22 1.549 5.221 1.542 5.223 1.535 5.224 1.528 5.226 1.52 5.227 1.514 5.229 1.507 5.23 1.5 5.232 1.493 5.233 1.487 5.234 1.48 5.236 1.474 5.237 1.467 5.239 1.461 5.24 1.455 5.241 1.449 5.242 1.443 5.244 1.437 5.245 1.431 5.246 1.426 5.247 1.42 5.249 1.415 5.25 1.409 5.251 1.404 5.252 1.399 5.253 1.394 5.254 1.389 5.255 1.384 5.256 1.379 5.257 1.375 5.258 1.37 5.259 1.366 5.26 1.362 5.261 1.358 5.262 1.354 5.263 1.35 5.263 1.346 5.264 1.342 5.265 1.339 5.266 1.335 5.266 1.332 5.267 1.329 5.268 1.326 5.268 1.323 5.269 1.32 5.269 1.318 5.27 1.315 5.271 1.313 5.271 1.311 5.271 1.308 5.272 1.306 5.272 1.305 5.273 1.303 5.273 1.301 5.273 1.3 5.274 1.299 5.274 1.298 5.274 1.297 5.274 1.296 5.274 1.295 5.275 1.295 5.275 1.294 5.275 1.294 5.275 1.294 5.274 1.288 5.269 1.284 5.262 1.281 5.251 1.279 5.251 1.279 5.249 1.278 5.245 1.278 5.241 1.277 5.235 1.275 5.229 1.274 5.222 1.272 5.214 1.271 5.206 1.269 5.197 1.267 5.188 1.264 5.178 1.262 5.169 1.26 5.159 1.257 5.15 1.255 5.14 1.253 5.131 1.25 5.122 1.248 5.113 1.246 5.105 1.244 5.098 1.242 5.091 1.24 5.085 1.239 5.08 1.238 5.076 1.237 5.073 1.236 5.071 1.235 5.07 1.235 5.07 1.235 5.056 1.258 5.056 1.258 5.042 1.252 5.042 1.252 5.046 1.231 5.046 1.231 4.554 1.127 4.554 1.127 4.563 1.077 4.563 1.077 4.459 1.059 4.459 1.059 4.43 1.205 4.43 1.205 4.431 1.205 4.433 1.205 4.437 1.206 4.442 1.207 4.448 1.209 4.455 1.21 4.463 1.212 4.472 1.214 4.481 1.216 4.49 1.218 4.5 1.22 4.509 1.222 4.519 1.224 4.528 1.226 4.537 1.228 4.545 1.23 4.553 1.231 4.559 1.233 4.565 1.234 4.57 1.235 4.573 1.236 4.573 1.236 4.58 1.24 4.585 1.245 4.588 1.252 4.589 1.261 4.589 1.269 4.587 1.278 4.587 1.278 4.586 1.281 4.585 1.286 4.584 1.292 4.582 1.299 4.58 1.307 4.578 1.315 4.576 1.323 4.574 1.332 4.572 1.341 4.57 1.35 4.568 1.358 4.566 1.366 4.564 1.373 4.563 1.379 4.562 1.384 4.561 1.388 4.56 1.391 4.56 1.391 4.557 1.395 4.552 1.398 4.546 1.399 4.537 1.399 4.528 1.398 4.517 1.396 4.517 1.396 4.517 1.396 4.516 1.396 4.515 1.396 4.513 1.396 4.511 1.395 4.509 1.395 4.507 1.394 4.504 1.394 4.501 1.393 4.498 1.392 4.494 1.392 4.491 1.391 4.487 1.39 4.483 1.389 4.478 1.388 4.474 1.387 4.469 1.386 4.464 1.385 4.458 1.384 4.453 1.383 4.447 1.382 4.441 1.381 4.435 1.379 4.429 1.378 4.422 1.377 4.416 1.375 4.409 1.374 4.402 1.373 4.395 1.371 4.387 1.369 4.38 1.368 4.372 1.366 4.364 1.365 4.356 1.363 4.348 1.361 4.34 1.36 4.332 1.358 4.323 1.356 4.315 1.354 4.306 1.353 4.298 1.351 4.289 1.349 4.28 1.347 4.271 1.345 4.262 1.343 4.252 1.341 4.243 1.339 4.234 1.337 4.224 1.335 4.215 1.333 4.205 1.331 4.196 1.329 4.186 1.327 4.176 1.325 4.167 1.323 4.157 1.321 4.147 1.319 4.137 1.317 4.128 1.315 4.118 1.313 4.108 1.311 4.098 1.309 4.088 1.307 4.079 1.305 4.069 1.303 4.059 1.301 4.049 1.299 4.04 1.297 4.03 1.295 4.02 1.293 4.011 1.291 4.001 1.289 3.992 1.287 3.982 1.285 3.973 1.283 3.964 1.281 3.954 1.279 3.945 1.277 3.936 1.275 3.927 1.273 3.918 1.271 3.91 1.269 3.901 1.267 3.893 1.266 3.884 1.264 3.876 1.262 3.868 1.26 3.86 1.259 3.852 1.257 3.844 1.255 3.836 1.254 3.829 1.252 3.821 1.251 3.814 1.249 3.807 1.248 3.8 1.246 3.794 1.245 3.787 1.243 3.781 1.242 3.775 1.241 3.769 1.239 3.763 1.238 3.758 1.237 3.752 1.236 3.747 1.235 3.743 1.234 3.738 1.233 3.734 1.232 3.729 1.231 3.725 1.23 3.722 1.229 3.718 1.228 3.715 1.228 3.712 1.227 3.71 1.227 3.707 1.226 3.705 1.226 3.703 1.225 3.702 1.225 3.7 1.224 3.7 1.224 3.7 1.224 3.686 1.223 3.676 1.227 3.671 1.234 3.667 1.243 3.665 1.253 3.663 1.263 3.663 1.263 3.661 1.273 3.66 1.277 3.66 1.277 3.66 1.277 3.66 1.277 3.601 1.265 3.601 1.265 3.558 1.494 3.558 1.494 3.613 1.507 3.613 1.507 3.613 1.507 3.614 1.507 3.614 1.507 3.616 1.508 3.617 1.508 3.619 1.509 3.621 1.509 3.624 1.51 3.627 1.51 3.63 1.511 3.634 1.512 3.638 1.512 3.642 1.513 3.646 1.514 3.651 1.515 3.656 1.516 3.661 1.517 3.666 1.519 3.672 1.52 3.678 1.521 3.684 1.522 3.69 1.524 3.697 1.525 3.704 1.527 3.711 1.528 3.718 1.53 3.725 1.531 3.733 1.533 3.741 1.535 3.749 1.536 3.757 1.538 3.765 1.54 3.773 1.542 3.782 1.544 3.791 1.546 3.799 1.547 3.808 1.549 3.817 1.551 3.827 1.553 3.836 1.555 3.845 1.557 3.855 1.559 3.864 1.561 3.874 1.564 3.883 1.566 3.893 1.568 3.903 1.57 3.913 1.572 3.922 1.574 3.932 1.576 3.942 1.578 3.952 1.581 3.962 1.583 3.972 1.585 3.982 1.587 3.992 1.589 4.002 1.591 4.011 1.593 4.021 1.596 4.031 1.598 4.041 1.6 4.05 1.602 4.06 1.604 4.07 1.606 4.079 1.608 4.089 1.61 4.098 1.612 4.107 1.614 4.116 1.616 4.125 1.618 4.134 1.62 4.143 1.622 4.152 1.624 4.16 1.626 4.168 1.628 4.177 1.629 4.185 1.631 4.193 1.633 4.2 1.635 4.208 1.636 4.215 1.638 4.222 1.639 4.229 1.641 4.236 1.642 4.243 1.644 4.249 1.645 4.255 1.647 4.261 1.648 4.267 1.649 4.272 1.65 4.277 1.651 4.282 1.653 4.287 1.654 4.291 1.655 4.295 1.655 4.299 1.656 4.302 1.657 4.305 1.658 4.308 1.658 4.311 1.659 4.313 1.66 4.315 1.66 4.316 1.66 4.317 1.661 4.318 1.661 4.318 1.661 4.327 1.665 4.333 1.67 4.337 1.677 4.339 1.685 4.34 1.694 4.339 1.702 4.338 1.71 4.338 1.71 4.337 1.716 4.335 1.724 4.333 1.733 4.331 1.742 4.329 1.752 4.326 1.761 4.325 1.768 4.323 1.775 4.322 1.779 4.322 1.78 4.322 1.78 4.322 1.78 4.321 1.78 4.32 1.78 4.318 1.78 4.316 1.779 4.313 1.778 4.31 1.778 4.307 1.777 4.303 1.776 4.299 1.775 4.294 1.774 4.29 1.773 4.284 1.772 4.279 1.771 4.273 1.769 4.267 1.768 4.26 1.766 4.253 1.765 4.246 1.763 4.239 1.762 4.231 1.76 4.223 1.758 4.215 1.756 4.207 1.755 4.199 1.753 4.19 1.751 4.181 1.749 4.172 1.747 4.163 1.745 4.154 1.743 4.145 1.74 4.135 1.738 4.126 1.736 4.116 1.734 4.106 1.732 4.096 1.73 4.087 1.727 4.077 1.725 4.067 1.723 4.057 1.721 4.047 1.718 4.037 1.716 4.027 1.714 4.018 1.712 4.008 1.71 3.998 1.707 3.989 1.705 3.979 1.703 3.97 1.701 3.96 1.699 3.951 1.697 3.942 1.695 3.933 1.693 3.925 1.691 3.916 1.689 3.908 1.687 3.9 1.685 3.892 1.684 3.884 1.682 3.877 1.68 3.87 1.679 3.863 1.677 3.856 1.676 3.85 1.674 3.844 1.673 3.838 1.672 3.833 1.671 3.828 1.669 3.823 1.668 3.819 1.668 3.815 1.667 3.811 1.666 3.808 1.665 3.805 1.665 3.803 1.664 3.801 1.664 3.8 1.664 3.8 1.664 3.794 1.662 3.788 1.661 3.781 1.66 3.775 1.658 3.769 1.657 3.763 1.656 3.756 1.655 3.75 1.655 3.743 1.655 3.736 1.656 3.729 1.657 3.722 1.66 3.714 1.662 3.707 1.666 3.707 1.666 3.698 1.672 3.692 1.678 3.686 1.685 3.682 1.693 3.679 1.701 3.677 1.709 3.675 1.717 3.675 1.725 3.675 1.732 3.676 1.739 3.678 1.745 3.68 1.75 3.68 1.75 3.686 1.761 3.694 1.771 3.702 1.779 3.709 1.784 3.711 1.786 3.711 1.786 4.29 1.917 4.29 1.917 4.262 2.03 4.262 2.03 3.534 1.883 3.534 1.883 3.438 2.334 3.438 2.334 4.305 2.532 4.305 2.532 4.307 2.532 4.31 2.534 4.312 2.539 4.312 2.551 4.312 2.551 4.311 2.555 4.31 2.559 4.309 2.565 4.308 2.571 4.307 2.578 4.305 2.586 4.303 2.595 4.301 2.604 4.299 2.613 4.298 2.623 4.296 2.632 4.294 2.642 4.292 2.651 4.29 2.66 4.288 2.669 4.286 2.677 4.285 2.684 4.284 2.69 4.282 2.696 4.281 2.701 4.281 2.704 4.28 2.706 4.28 2.707 4.28 2.707 4.129 2.676 4.129 2.676 4.13 2.666 4.13 2.666 4.13 2.666 4.129 2.666 4.128 2.666 4.127 2.666 4.125 2.665 4.124 2.665 4.121 2.665 4.119 2.664 4.116 2.664 4.113 2.663 4.11 2.662 4.106 2.662 4.102 2.661 4.098 2.66 4.093 2.659 4.089 2.658 4.084 2.657 4.078 2.656 4.073 2.655 4.067 2.654 4.061 2.653 4.055 2.652 4.049 2.651 4.042 2.649 4.035 2.648 4.028 2.647 4.021 2.645 4.013 2.644 4.006 2.642 3.998 2.641 3.99 2.639 3.982 2.638 3.974 2.636 3.966 2.635 3.957 2.633 3.948 2.631 3.94 2.63 3.931 2.628 3.922 2.626 3.913 2.624 3.903 2.623 3.894 2.621 3.885 2.619 3.875 2.617 3.865 2.615 3.856 2.613 3.846 2.612 3.836 2.61 3.826 2.608 3.816 2.606 3.807 2.604 3.797 2.602 3.787 2.6 3.777 2.598 3.767 2.596 3.757 2.594 3.746 2.592 3.736 2.59 3.726 2.588 3.716 2.586 3.706 2.584 3.696 2.583 3.686 2.581 3.677 2.579 3.667 2.577 3.657 2.575 3.647 2.573 3.637 2.571 3.628 2.569 3.618 2.567 3.609 2.566 3.6 2.564 3.59 2.562 3.581 2.56 3.572 2.558 3.563 2.557 3.554 2.555 3.546 2.553 3.537 2.552 3.529 2.55 3.521 2.548 3.512 2.547 3.505 2.545 3.497 2.544 3.489 2.542 3.482 2.541 3.474 2.539 3.467 2.538 3.461 2.537 3.454 2.535 3.448 2.534 3.441 2.533 3.435 2.532 3.43 2.53 3.424 2.529 3.419 2.528 3.414 2.527 3.409 2.526 3.404 2.525 3.4 2.525 3.396 2.524 3.392 2.523 3.389 2.522 3.386 2.522 3.383 2.521 3.38 2.521 3.378 2.52 3.376 2.52 3.375 2.519 3.374 2.519 3.373 2.519 3.372 2.519 3.372 2.519 3.366 2.518 3.359 2.519 3.351 2.521 3.343 2.525 3.336 2.532 3.33 2.54 3.326 2.551 3.325 2.564 3.327 2.58"/>
<path  fill="#5A5A5A" d="M3.671 .95C3.671 .95 3.869 .991 3.869 .991C3.869 .991 3.866 .959 3.885 .963C3.904 .968 4.023 .988 4.036 .991C4.048 .993 4.042 1.027 4.042 1.027C4.042 1.027 4.104 1.042 4.104 1.042C4.104 1.042 4.109 1.009 4.116 1.01C4.123 1.012 4.174 1.018 4.174 1.018C4.174 1.018 4.181 .996 4.181 .996C4.181 .996 4.254 1.014 4.254 1.014C4.254 1.014 4.228 1.147 4.228 1.147C4.228 1.147 3.711 1.042 3.693 1.036C3.675 1.03 3.667 1.008 3.668 .998C3.669 .988 3.671 .95 3.671 .95Z
"/>
<polyline stroke="#000000" stroke-width="0.006944" points="3.671 .95 3.869 .991 3.869 .991 3.869 .986 3.87 .975 3.875 .966 3.885 .963 3.885 .963 3.888 .964 3.893 .965 3.898 .966 3.904 .967 3.911 .968 3.919 .97 3.927 .971 3.936 .973 3.944 .974 3.954 .976 3.963 .978 3.972 .979 3.981 .981 3.99 .982 3.998 .984 4.006 .985 4.013 .986 4.019 .988 4.025 .989 4.03 .989 4.033 .99 4.036 .991 4.036 .991 4.041 .995 4.043 1.004 4.043 1.015 4.042 1.023 4.042 1.027 4.042 1.027 4.104 1.042 4.104 1.042 4.105 1.039 4.106 1.031 4.109 1.021 4.112 1.013 4.116 1.01 4.116 1.01 4.12 1.011 4.126 1.012 4.134 1.013 4.143 1.014 4.152 1.015 4.161 1.016 4.168 1.017 4.172 1.018 4.174 1.018 4.174 1.018 4.181 .996 4.181 .996 4.254 1.014 4.254 1.014 4.228 1.147 4.228 1.147 4.228 1.147 4.228 1.147 4.226 1.147 4.225 1.146 4.223 1.146 4.22 1.146 4.217 1.145 4.214 1.144 4.21 1.143 4.206 1.143 4.201 1.142 4.196 1.141 4.191 1.14 4.185 1.139 4.18 1.137 4.173 1.136 4.167 1.135 4.16 1.133 4.153 1.132 4.146 1.13 4.138 1.129 4.13 1.127 4.122 1.126 4.114 1.124 4.105 1.122 4.097 1.12 4.088 1.119 4.079 1.117 4.07 1.115 4.06 1.113 4.051 1.111 4.041 1.109 4.032 1.107 4.022 1.105 4.012 1.103 4.002 1.101 3.993 1.099 3.983 1.097 3.973 1.095 3.963 1.093 3.953 1.091 3.943 1.089 3.933 1.087 3.923 1.085 3.913 1.083 3.903 1.081 3.893 1.079 3.884 1.077 3.874 1.075 3.865 1.073 3.855 1.071 3.846 1.069 3.837 1.067 3.828 1.065 3.819 1.063 3.811 1.061 3.802 1.06 3.794 1.058 3.786 1.056 3.779 1.055 3.771 1.053 3.764 1.052 3.757 1.05 3.751 1.049 3.744 1.047 3.738 1.046 3.732 1.045 3.727 1.044 3.722 1.043 3.717 1.042 3.713 1.041 3.709 1.04 3.705 1.039 3.702 1.038 3.7 1.038 3.697 1.037 3.695 1.037 3.694 1.036 3.693 1.036 3.693 1.036 3.685 1.032 3.678 1.025 3.673 1.018 3.67 1.011 3.668 1.004 3.668 .998 3.668 .998 3.668 .992 3.669 .984 3.67 .975 3.67 .966 3.671 .958 3.671 .952 3.671 .95"/>
<path  fill="#5A5A5A" d="M4.461 1.042C4.461 1.042 4.563 1.059 4.563 1.059C4.563 1.059 4.578 .986 4.578 .986C4.578 .986 4.551 .981 4.551 .981C4.551 .981 4.552 .997 4.544 .995C4.536 .993 4.535 .981 4.535 .981C4.535 .981 4.483 .97 4.483 .97C4.483 .97 4.482 .98 4.482 .98C4.482 .98 4.473 .978 4.473 .978C4.473 .978 4.47 .992 4.47 .992C4.47 .992 4.486 .996 4.483 1.01C4.48 1.025 4.465 1.02 4.465 1.02C4.465 1.02 4.461 1.042 4.461 1.042Z
"/>
<polyline stroke="#000000" stroke-width="0.006944" points="4.461 1.042 4.563 1.059 4.563 1.059 4.578 .986 4.578 .986 4.551 .981 4.551 .981 4.551 .983 4.55 .989 4.548 .994 4.544 .995 4.544 .995 4.539 .992 4.536 .987 4.535 .983 4.535 .981 4.535 .981 4.483 .97 4.483 .97 4.482 .98 4.482 .98 4.473 .978 4.473 .978 4.47 .992 4.47 .992 4.473 .993 4.478 .996 4.482 1.001 4.483 1.01 4.483 1.01 4.479 1.018 4.473 1.021 4.467 1.021 4.465 1.02 4.465 1.02 4.461 1.042"/>
<path  fill="#5A5A5A" d="M4.26 1.001C4.26 1.001 4.184 .981 4.184 .981C4.184 .981 4.199 .912 4.199 .912C4.199 .912 4.231 .917 4.231 .917C4.231 .917 4.228 .931 4.233 .932C4.239 .933 4.243 .917 4.243 .917C4.243 .917 4.273 .924 4.273 .924C4.273 .924 4.266 .947 4.266 .947C4.266 .947 4.253 .944 4.251 .957C4.248 .969 4.262 .977 4.262 .977C4.262 .977 4.26 1.001 4.26 1.001Z
"/>
<polyline stroke="#000000" stroke-width="0.006944" points="4.26 1.001 4.184 .981 4.184 .981 4.199 .912 4.199 .912 4.231 .917 4.231 .917 4.23 .919 4.23 .924 4.231 .929 4.233 .932 4.233 .932 4.238 .93 4.241 .925 4.243 .919 4.243 .917 4.243 .917 4.273 .924 4.273 .924 4.266 .947 4.266 .947 4.264 .947 4.259 .947 4.254 .95 4.251 .957 4.251 .957 4.251 .965 4.256 .971 4.26 .976 4.262 .977 4.262 .977 4.26 1.001"/>
<path  fill="#5A5A5A" d="M3.549 1.597C3.549 1.597 3.52 1.751 3.52 1.751Z
"/>
<line stroke="#000000" stroke-width="0.006944" x1="3.549" y1="1.597" x2="3.52" y2="1.751"/>
<path  fill="#5A5A5A" d="M3.537 1.861C3.537 1.861 3.533 1.886 3.533 1.886Z
"/>
<line stroke="#000000" stroke-width="0.006944" x1="3.537" y1="1.861" x2="3.533" y2="1.886"/>
<path  fill="#5A5A5A" d="M3.409 2.203C3.409 2.203 3.463 2.214 3.463 2.214Z
"/>
<line stroke="#000000" stroke-width="0.006944" x1="3.409" y1="2.203" x2="3.463" y2="2.214"/>
<path  fill="#5A5A5A" d="M3.722 1.636C3.722 1.636 3.722 1.66 3.722 1.66Z
"/>
<line stroke="#000000" stroke-width="0.006944" x1="3.722" y1="1.636" x2="3.722" y2="1.66"/>
</g>
<g id="IsoG2" apstype="grobject">
<path  fill="#4A6F8A" d="M.046 2.722C.046 2.722 .063 1.487 .063 1.487C.063 1.487 1.472 .804 1.585 .751C1.698 .698 1.805 .69 1.952 .712C2.098 .734 2.979 .855 2.979 .855C2.979 .855 2.975 .866 3.006 .87C3.036 .874 3.234 .901 3.253 .903C3.273 .905 3.275 .894 3.275 .894C3.275 .894 3.469 .924 3.489 .928C3.509 .932 3.51 .953 3.51 .953C3.51 .953 3.518 .935 3.536 .939C3.554 .943 3.671 .967 3.671 .967C3.671 .967 3.656 1.041 3.656 1.041C3.656 1.041 4.483 1.221 4.483 1.221C4.483 1.221 4.508 1.255 4.517 1.272C4.525 1.288 4.507 1.297 4.507 1.297C4.507 1.297 4.525 1.301 4.518 1.317C4.512 1.333 4.508 1.35 4.508 1.35C4.508 1.35 4.485 1.362 4.485 1.362C4.485 1.362 3.639 1.187 3.639 1.187C3.639 1.187 3.573 1.491 3.573 1.491C3.573 1.491 4.306 1.671 4.306 1.671C4.306 1.671 4.298 1.715 4.295 1.729C4.291 1.743 4.273 1.743 4.26 1.739C4.247 1.736 4.239 1.721 4.239 1.721C4.239 1.721 4.233 1.748 4.195 1.742C4.157 1.736 3.572 1.596 3.572 1.596C3.572 1.596 3.506 1.66 3.506 1.66C3.506 1.66 3.537 1.748 3.537 1.748C3.537 1.748 4.149 1.87 4.166 1.874C4.182 1.878 4.196 1.891 4.196 1.891C4.196 1.891 4.196 1.909 4.196 1.909C4.196 1.909 4.209 1.902 4.209 1.902C4.209 1.902 4.225 1.898 4.24 1.904C4.254 1.91 4.252 1.926 4.248 1.937C4.244 1.947 4.233 1.994 4.233 1.994C4.233 1.994 3.503 1.848 3.503 1.848C3.503 1.848 3.397 2.318 3.397 2.318C3.397 2.318 3.792 2.41 3.792 2.41C3.792 2.41 3.794 2.427 3.794 2.427C3.794 2.427 4.249 2.533 4.249 2.533C4.249 2.533 4.239 2.598 4.239 2.598C4.239 2.598 4.168 2.644 4.168 2.644C4.168 2.644 4.068 2.612 4.068 2.612C4.068 2.612 3.816 2.559 3.816 2.559C3.816 2.559 3.353 2.46 3.353 2.46C3.353 2.46 3.336 2.534 3.336 2.534C3.336 2.534 3.244 2.515 3.209 2.507C3.175 2.5 3.19 2.482 3.197 2.447C3.205 2.413 3.215 2.372 3.188 2.366C3.161 2.36 3.15 2.358 3.13 2.354C3.11 2.35 3.108 2.366 3.1 2.39C3.093 2.413 3.096 2.441 3.089 2.459C3.081 2.477 3.069 2.473 3.036 2.463C3.004 2.454 2.982 2.448 2.99 2.406C2.998 2.365 3.016 2.334 2.978 2.323C2.94 2.312 2.935 2.308 2.917 2.313C2.899 2.318 2.898 2.34 2.896 2.356C2.894 2.373 2.896 2.4 2.879 2.407C2.863 2.414 2.818 2.402 2.798 2.389C2.778 2.376 2.787 2.357 2.793 2.344C2.799 2.331 2.81 2.306 2.797 2.29C2.785 2.273 2.725 2.267 2.714 2.267C2.704 2.267 2.694 2.299 2.694 2.299C2.694 2.299 2.688 2.332 2.684 2.339C2.681 2.346 2.67 2.359 2.65 2.353C2.63 2.347 1.661 2.056 1.614 2.052C1.567 2.048 1.466 2.037 1.362 2.083C1.258 2.129 .046 2.722 .046 2.722Z
"/>
<polyline stroke="#000000" stroke-width="0.006944" points=".046 2.722 .063 1.487 .063 1.487 .063 1.487 .063 1.487 .064 1.487 .064 1.486 .065 1.486 .066 1.485 .067 1.485 .068 1.484 .07 1.484 .071 1.483 .073 1.482 .075 1.481 .077 1.48 .079 1.479 .081 1.478 .083 1.477 .086 1.476 .089 1.475 .091 1.473 .094 1.472 .097 1.47 .101 1.469 .104 1.467 .108 1.465 .111 1.464 .115 1.462 .119 1.46 .123 1.458 .127 1.456 .131 1.454 .136 1.452 .14 1.45 .145 1.447 .15 1.445 .154 1.443 .159 1.44 .165 1.438 .17 1.435 .175 1.433 .181 1.43 .186 1.427 .192 1.425 .198 1.422 .203 1.419 .209 1.416 .215 1.413 .222 1.41 .228 1.407 .234 1.404 .241 1.401 .247 1.398 .254 1.394 .261 1.391 .268 1.388 .274 1.384 .282 1.381 .289 1.378 .296 1.374 .303 1.371 .31 1.367 .318 1.363 .325 1.36 .333 1.356 .341 1.352 .348 1.349 .356 1.345 .364 1.341 .372 1.337 .38 1.333 .388 1.329 .396 1.325 .405 1.321 .413 1.317 .421 1.313 .43 1.309 .438 1.305 .447 1.301 .455 1.297 .464 1.293 .473 1.288 .482 1.284 .49 1.28 .499 1.275 .508 1.271 .517 1.267 .526 1.262 .535 1.258 .544 1.254 .553 1.249 .563 1.245 .572 1.24 .581 1.236 .59 1.231 .6 1.227 .609 1.222 .619 1.218 .628 1.213 .637 1.209 .647 1.204 .656 1.199 .666 1.195 .675 1.19 .685 1.185 .695 1.181 .704 1.176 .714 1.172 .724 1.167 .733 1.162 .743 1.157 .753 1.153 .762 1.148 .772 1.143 .782 1.139 .791 1.134 .801 1.129 .811 1.125 .821 1.12 .83 1.115 .84 1.11 .85 1.106 .86 1.101 .869 1.096 .879 1.092 .889 1.087 .899 1.082 .908 1.077 .918 1.073 .928 1.068 .937 1.063 .947 1.059 .957 1.054 .966 1.049 .976 1.045 .985 1.04 .995 1.035 1.004 1.031 1.014 1.026 1.023 1.022 1.033 1.017 1.042 1.013 1.052 1.008 1.061 1.004 1.07 .999 1.079 .995 1.089 .99 1.098 .986 1.107 .981 1.116 .977 1.125 .972 1.134 .968 1.143 .964 1.152 .959 1.161 .955 1.17 .951 1.179 .947 1.188 .942 1.196 .938 1.205 .934 1.213 .93 1.222 .926 1.23 .922 1.239 .918 1.247 .913 1.255 .909 1.264 .906 1.272 .902 1.28 .898 1.288 .894 1.296 .89 1.304 .886 1.311 .882 1.319 .879 1.327 .875 1.334 .871 1.342 .868 1.349 .864 1.356 .861 1.364 .857 1.371 .854 1.378 .85 1.385 .847 1.392 .844 1.399 .84 1.405 .837 1.412 .834 1.418 .831 1.425 .828 1.431 .825 1.437 .822 1.443 .819 1.449 .816 1.455 .813 1.461 .81 1.467 .807 1.472 .805 1.478 .802 1.483 .8 1.489 .797 1.494 .794 1.499 .792 1.504 .79 1.509 .787 1.513 .785 1.518 .783 1.522 .781 1.527 .779 1.531 .777 1.535 .775 1.539 .773 1.543 .771 1.546 .769 1.55 .768 1.553 .766 1.557 .764 1.56 .763 1.563 .761 1.566 .76 1.568 .759 1.571 .758 1.573 .756 1.576 .755 1.578 .754 1.58 .753 1.582 .752 1.584 .752 1.585 .751 1.585 .751 1.591 .748 1.598 .745 1.604 .742 1.61 .74 1.616 .737 1.623 .735 1.629 .733 1.635 .73 1.641 .728 1.648 .726 1.654 .724 1.66 .722 1.666 .72 1.673 .719 1.679 .717 1.685 .715 1.692 .714 1.698 .713 1.704 .711 1.711 .71 1.717 .709 1.723 .708 1.73 .707 1.736 .706 1.743 .705 1.749 .704 1.756 .704 1.762 .703 1.769 .702 1.776 .702 1.782 .702 1.789 .701 1.796 .701 1.803 .701 1.81 .701 1.817 .701 1.824 .701 1.831 .701 1.838 .701 1.845 .702 1.852 .702 1.859 .702 1.867 .703 1.874 .703 1.882 .704 1.889 .705 1.897 .705 1.904 .706 1.912 .707 1.92 .708 1.928 .709 1.936 .71 1.944 .711 1.952 .712 1.952 .712 1.955 .713 1.958 .713 1.961 .714 1.965 .714 1.968 .715 1.972 .716 1.976 .716 1.981 .717 1.985 .717 1.99 .718 1.994 .719 1.999 .719 2.004 .72 2.01 .721 2.015 .722 2.02 .722 2.026 .723 2.032 .724 2.038 .725 2.044 .726 2.05 .727 2.056 .728 2.063 .728 2.07 .729 2.076 .73 2.083 .731 2.09 .732 2.097 .733 2.104 .734 2.112 .735 2.119 .736 2.127 .737 2.134 .739 2.142 .74 2.15 .741 2.158 .742 2.166 .743 2.174 .744 2.182 .745 2.19 .746 2.199 .748 2.207 .749 2.216 .75 2.224 .751 2.233 .752 2.242 .754 2.25 .755 2.259 .756 2.268 .757 2.277 .758 2.286 .76 2.295 .761 2.304 .762 2.313 .764 2.323 .765 2.332 .766 2.341 .767 2.35 .769 2.36 .77 2.369 .771 2.378 .773 2.388 .774 2.397 .775 2.407 .776 2.416 .778 2.426 .779 2.435 .78 2.444 .782 2.454 .783 2.463 .784 2.473 .786 2.482 .787 2.492 .788 2.501 .79 2.511 .791 2.52 .792 2.53 .793 2.539 .795 2.548 .796 2.558 .797 2.567 .799 2.576 .8 2.585 .801 2.595 .802 2.604 .804 2.613 .805 2.622 .806 2.631 .807 2.64 .809 2.649 .81 2.658 .811 2.666 .812 2.675 .814 2.684 .815 2.692 .816 2.701 .817 2.709 .818 2.718 .819 2.726 .821 2.734 .822 2.742 .823 2.75 .824 2.758 .825 2.766 .826 2.774 .827 2.782 .828 2.789 .829 2.797 .83 2.804 .831 2.811 .832 2.818 .833 2.825 .834 2.832 .835 2.839 .836 2.846 .837 2.852 .838 2.858 .839 2.865 .84 2.871 .841 2.877 .841 2.883 .842 2.888 .843 2.894 .844 2.899 .844 2.904 .845 2.91 .846 2.914 .847 2.919 .847 2.924 .848 2.928 .848 2.933 .849 2.937 .85 2.941 .85 2.944 .851 2.948 .851 2.951 .852 2.955 .852 2.958 .853 2.96 .853 2.963 .853 2.966 .854 2.968 .854 2.97 .854 2.972 .854 2.973 .855 2.975 .855 2.976 .855 2.977 .855 2.978 .855 2.978 .855 2.979 .855 2.979 .855 2.979 .855 2.979 .857 2.981 .861 2.989 .866 3.006 .87 3.006 .87 3.009 .871 3.012 .871 3.016 .872 3.021 .872 3.026 .873 3.032 .874 3.039 .875 3.046 .876 3.053 .877 3.06 .878 3.068 .879 3.076 .88 3.085 .881 3.093 .882 3.102 .883 3.111 .884 3.12 .885 3.129 .887 3.138 .888 3.147 .889 3.156 .89 3.165 .891 3.173 .892 3.182 .894 3.19 .895 3.198 .896 3.205 .897 3.212 .898 3.219 .898 3.225 .899 3.231 .9 3.237 .901 3.241 .901 3.245 .902 3.249 .902 3.251 .903 3.253 .903 3.253 .903 3.265 .902 3.272 .899 3.275 .896 3.275 .894 3.275 .894 3.276 .894 3.278 .894 3.28 .895 3.284 .895 3.288 .896 3.293 .897 3.299 .898 3.306 .899 3.313 .9 3.321 .901 3.329 .902 3.338 .904 3.347 .905 3.356 .906 3.365 .908 3.375 .909 3.384 .911 3.394 .912 3.403 .914 3.412 .915 3.422 .917 3.43 .918 3.439 .92 3.447 .921 3.455 .922 3.462 .923 3.468 .924 3.474 .925 3.479 .926 3.483 .927 3.486 .927 3.489 .928 3.489 .928 3.5 .933 3.507 .942 3.509 .95 3.51 .953 3.51 .953 3.511 .951 3.516 .945 3.524 .94 3.536 .939 3.536 .939 3.539 .94 3.544 .941 3.55 .942 3.557 .944 3.564 .945 3.573 .947 3.582 .949 3.591 .951 3.601 .952 3.61 .954 3.62 .956 3.629 .958 3.637 .96 3.645 .961 3.652 .963 3.659 .964 3.664 .965 3.668 .966 3.67 .966 3.671 .967 3.671 .967 3.656 1.041 3.656 1.041 4.483 1.221 4.483 1.221 4.484 1.222 4.487 1.226 4.491 1.233 4.496 1.24 4.502 1.248 4.508 1.257 4.513 1.265 4.517 1.272 4.517 1.272 4.519 1.283 4.515 1.291 4.51 1.295 4.507 1.297 4.507 1.297 4.51 1.298 4.515 1.301 4.519 1.307 4.518 1.317 4.518 1.317 4.515 1.327 4.512 1.336 4.51 1.343 4.509 1.348 4.508 1.35 4.508 1.35 4.485 1.362 4.485 1.362 3.639 1.187 3.639 1.187 3.573 1.491 3.573 1.491 4.306 1.671 4.306 1.671 4.306 1.673 4.305 1.677 4.304 1.683 4.303 1.69 4.301 1.699 4.299 1.708 4.298 1.716 4.296 1.723 4.295 1.729 4.295 1.729 4.291 1.736 4.284 1.74 4.277 1.741 4.268 1.741 4.26 1.739 4.26 1.739 4.251 1.735 4.245 1.729 4.24 1.723 4.239 1.721 4.239 1.721 4.238 1.723 4.236 1.728 4.231 1.734 4.223 1.739 4.211 1.743 4.195 1.742 4.195 1.742 4.193 1.742 4.192 1.741 4.189 1.741 4.187 1.741 4.184 1.74 4.181 1.739 4.177 1.738 4.173 1.738 4.169 1.737 4.164 1.736 4.16 1.735 4.154 1.733 4.149 1.732 4.143 1.731 4.137 1.73 4.131 1.728 4.125 1.727 4.118 1.725 4.111 1.724 4.104 1.722 4.097 1.72 4.089 1.718 4.081 1.717 4.073 1.715 4.065 1.713 4.057 1.711 4.049 1.709 4.04 1.707 4.031 1.705 4.022 1.703 4.013 1.701 4.004 1.699 3.995 1.696 3.986 1.694 3.976 1.692 3.967 1.69 3.957 1.687 3.947 1.685 3.938 1.683 3.928 1.681 3.918 1.678 3.908 1.676 3.899 1.674 3.889 1.671 3.879 1.669 3.869 1.667 3.859 1.664 3.849 1.662 3.84 1.66 3.83 1.657 3.82 1.655 3.81 1.653 3.801 1.65 3.791 1.648 3.782 1.646 3.773 1.644 3.763 1.641 3.754 1.639 3.745 1.637 3.736 1.635 3.728 1.633 3.719 1.631 3.711 1.629 3.702 1.627 3.694 1.625 3.686 1.623 3.679 1.621 3.671 1.619 3.664 1.618 3.657 1.616 3.65 1.614 3.643 1.613 3.637 1.611 3.63 1.61 3.625 1.608 3.619 1.607 3.613 1.606 3.608 1.604 3.604 1.603 3.599 1.602 3.595 1.601 3.591 1.6 3.587 1.599 3.584 1.599 3.581 1.598 3.579 1.597 3.577 1.597 3.575 1.596 3.574 1.596 3.573 1.596 3.572 1.596 3.572 1.596 3.572 1.596 3.506 1.66 3.506 1.66 3.537 1.748 3.537 1.748 3.537 1.748 3.538 1.748 3.539 1.748 3.54 1.749 3.542 1.749 3.544 1.749 3.547 1.75 3.55 1.751 3.553 1.751 3.557 1.752 3.561 1.753 3.565 1.754 3.57 1.754 3.575 1.755 3.58 1.756 3.585 1.758 3.591 1.759 3.597 1.76 3.603 1.761 3.61 1.763 3.617 1.764 3.624 1.765 3.631 1.767 3.639 1.768 3.646 1.77 3.654 1.771 3.662 1.773 3.671 1.775 3.679 1.776 3.688 1.778 3.696 1.78 3.705 1.782 3.714 1.783 3.724 1.785 3.733 1.787 3.742 1.789 3.752 1.791 3.761 1.793 3.771 1.795 3.781 1.797 3.791 1.799 3.8 1.801 3.81 1.803 3.82 1.804 3.83 1.806 3.84 1.808 3.85 1.81 3.86 1.812 3.87 1.814 3.88 1.816 3.89 1.818 3.9 1.82 3.91 1.822 3.92 1.824 3.93 1.826 3.939 1.828 3.949 1.83 3.958 1.832 3.968 1.834 3.977 1.836 3.986 1.838 3.996 1.84 4.004 1.841 4.013 1.843 4.022 1.845 4.03 1.847 4.039 1.848 4.047 1.85 4.055 1.851 4.063 1.853 4.07 1.855 4.077 1.856 4.085 1.857 4.091 1.859 4.098 1.86 4.104 1.861 4.111 1.863 4.116 1.864 4.122 1.865 4.127 1.866 4.132 1.867 4.137 1.868 4.141 1.869 4.145 1.87 4.149 1.87 4.152 1.871 4.155 1.872 4.158 1.872 4.16 1.873 4.162 1.873 4.164 1.873 4.165 1.874 4.166 1.874 4.166 1.874 4.175 1.877 4.184 1.881 4.19 1.886 4.195 1.889 4.196 1.891 4.196 1.891 4.196 1.909 4.196 1.909 4.209 1.902 4.209 1.902 4.211 1.901 4.216 1.901 4.223 1.901 4.231 1.902 4.24 1.904 4.24 1.904 4.246 1.908 4.25 1.915 4.251 1.922 4.25 1.93 4.248 1.937 4.248 1.937 4.247 1.941 4.245 1.948 4.243 1.956 4.24 1.965 4.238 1.974 4.236 1.982 4.234 1.988 4.233 1.993 4.233 1.994 4.233 1.994 3.503 1.848 3.503 1.848 3.397 2.318 3.397 2.318 3.792 2.41 3.792 2.41 3.794 2.427 3.794 2.427 4.249 2.533 4.249 2.533 4.239 2.598 4.239 2.598 4.168 2.644 4.168 2.644 4.068 2.612 4.068 2.612 3.816 2.559 3.816 2.559 3.353 2.46 3.353 2.46 3.336 2.534 3.336 2.534 3.335 2.534 3.333 2.534 3.329 2.533 3.325 2.532 3.319 2.531 3.313 2.53 3.306 2.528 3.298 2.526 3.29 2.525 3.281 2.523 3.272 2.521 3.263 2.519 3.254 2.517 3.246 2.515 3.237 2.514 3.229 2.512 3.222 2.51 3.215 2.509 3.209 2.507 3.209 2.507 3.2 2.504 3.193 2.501 3.189 2.496 3.188 2.49 3.188 2.484 3.19 2.476 3.192 2.468 3.195 2.458 3.197 2.447 3.197 2.447 3.199 2.439 3.201 2.43 3.203 2.421 3.204 2.412 3.205 2.404 3.206 2.396 3.205 2.389 3.204 2.382 3.202 2.376 3.198 2.371 3.194 2.368 3.188 2.366 3.188 2.366 3.179 2.364 3.172 2.362 3.165 2.361 3.159 2.36 3.153 2.359 3.148 2.358 3.142 2.356 3.136 2.355 3.13 2.354 3.13 2.354 3.12 2.354 3.113 2.358 3.108 2.366 3.105 2.377 3.1 2.39 3.1 2.39 3.098 2.397 3.097 2.404 3.096 2.412 3.095 2.419 3.095 2.426 3.094 2.433 3.093 2.44 3.092 2.447 3.091 2.453 3.089 2.459 3.089 2.459 3.086 2.464 3.082 2.468 3.077 2.47 3.072 2.471 3.065 2.471 3.057 2.469 3.047 2.467 3.036 2.463 3.036 2.463 3.024 2.46 3.014 2.456 3.005 2.452 2.998 2.447 2.992 2.44 2.989 2.432 2.988 2.42 2.99 2.406 2.99 2.406 2.992 2.396 2.994 2.387 2.997 2.377 2.999 2.369 3.0 2.361 3.001 2.353 3.001 2.347 3.0 2.34 2.997 2.335 2.993 2.33 2.987 2.326 2.978 2.323 2.978 2.323 2.967 2.319 2.957 2.317 2.949 2.314 2.943 2.312 2.937 2.311 2.932 2.311 2.927 2.311 2.922 2.312 2.917 2.313 2.917 2.313 2.909 2.317 2.904 2.323 2.9 2.33 2.898 2.339 2.897 2.348 2.896 2.356 2.896 2.356 2.895 2.364 2.895 2.372 2.894 2.381 2.892 2.389 2.889 2.396 2.885 2.403 2.879 2.407 2.879 2.407 2.875 2.408 2.869 2.409 2.862 2.409 2.855 2.408 2.848 2.407 2.84 2.405 2.832 2.403 2.824 2.401 2.817 2.398 2.81 2.396 2.803 2.392 2.798 2.389 2.798 2.389 2.791 2.383 2.787 2.377 2.786 2.37 2.786 2.363 2.788 2.356 2.791 2.35 2.793 2.344 2.793 2.344 2.795 2.339 2.798 2.332 2.8 2.326 2.802 2.318 2.803 2.311 2.803 2.303 2.801 2.296 2.797 2.29 2.797 2.29 2.793 2.286 2.788 2.282 2.781 2.279 2.773 2.276 2.764 2.274 2.755 2.272 2.747 2.27 2.738 2.269 2.73 2.268 2.724 2.267 2.718 2.267 2.714 2.267 2.714 2.267 2.708 2.27 2.703 2.278 2.698 2.288 2.695 2.296 2.694 2.299 2.694 2.299 2.694 2.302 2.692 2.308 2.691 2.316 2.689 2.325 2.686 2.333 2.684 2.339 2.684 2.339 2.681 2.344 2.676 2.348 2.67 2.352 2.661 2.354 2.65 2.353 2.65 2.353 2.649 2.353 2.649 2.352 2.648 2.352 2.646 2.352 2.645 2.351 2.643 2.351 2.641 2.35 2.639 2.35 2.637 2.349 2.634 2.348 2.632 2.347 2.629 2.347 2.626 2.346 2.622 2.345 2.619 2.344 2.615 2.342 2.611 2.341 2.607 2.34 2.603 2.339 2.598 2.337 2.594 2.336 2.589 2.335 2.584 2.333 2.579 2.332 2.573 2.33 2.568 2.328 2.562 2.327 2.556 2.325 2.55 2.323 2.544 2.321 2.538 2.319 2.531 2.317 2.525 2.315 2.518 2.313 2.511 2.311 2.504 2.309 2.497 2.307 2.49 2.305 2.483 2.303 2.475 2.301 2.468 2.298 2.46 2.296 2.452 2.294 2.444 2.291 2.436 2.289 2.428 2.287 2.42 2.284 2.411 2.282 2.403 2.279 2.394 2.277 2.386 2.274 2.377 2.272 2.368 2.269 2.36 2.266 2.351 2.264 2.342 2.261 2.333 2.258 2.324 2.256 2.314 2.253 2.305 2.25 2.296 2.247 2.286 2.245 2.277 2.242 2.268 2.239 2.258 2.236 2.249 2.233 2.239 2.231 2.23 2.228 2.22 2.225 2.21 2.222 2.201 2.219 2.191 2.216 2.181 2.213 2.171 2.211 2.162 2.208 2.152 2.205 2.142 2.202 2.132 2.199 2.123 2.196 2.113 2.193 2.103 2.19 2.093 2.188 2.084 2.185 2.074 2.182 2.064 2.179 2.055 2.176 2.045 2.173 2.035 2.17 2.026 2.168 2.016 2.165 2.007 2.162 1.997 2.159 1.988 2.156 1.978 2.154 1.969 2.151 1.96 2.148 1.95 2.146 1.941 2.143 1.932 2.14 1.923 2.138 1.914 2.135 1.905 2.132 1.896 2.13 1.887 2.127 1.879 2.125 1.87 2.122 1.862 2.12 1.853 2.117 1.845 2.115 1.837 2.113 1.828 2.11 1.82 2.108 1.812 2.106 1.805 2.103 1.797 2.101 1.789 2.099 1.782 2.097 1.774 2.095 1.767 2.093 1.76 2.091 1.753 2.089 1.746 2.087 1.739 2.085 1.733 2.083 1.726 2.081 1.72 2.079 1.714 2.078 1.708 2.076 1.702 2.074 1.696 2.073 1.691 2.071 1.685 2.07 1.68 2.068 1.675 2.067 1.67 2.066 1.665 2.064 1.661 2.063 1.657 2.062 1.652 2.061 1.648 2.06 1.645 2.059 1.641 2.058 1.638 2.057 1.634 2.056 1.631 2.056 1.629 2.055 1.626 2.054 1.624 2.054 1.622 2.053 1.62 2.053 1.618 2.053 1.616 2.052 1.615 2.052 1.614 2.052 1.614 2.052 1.61 2.052 1.606 2.051 1.602 2.051 1.597 2.051 1.592 2.05 1.587 2.05 1.582 2.049 1.576 2.049 1.571 2.049 1.565 2.048 1.559 2.048 1.553 2.048 1.547 2.048 1.54 2.048 1.534 2.048 1.527 2.048 1.52 2.048 1.513 2.049 1.506 2.049 1.498 2.05 1.491 2.05 1.483 2.051 1.476 2.052 1.468 2.053 1.46 2.054 1.452 2.056 1.444 2.057 1.436 2.059 1.428 2.061 1.42 2.063 1.412 2.065 1.404 2.067 1.395 2.07 1.387 2.073 1.379 2.076 1.37 2.079 1.362 2.083 1.362 2.083 1.36 2.084 1.358 2.085 1.356 2.085 1.354 2.086 1.352 2.088 1.349 2.089 1.346 2.09 1.344 2.091 1.341 2.093 1.337 2.094 1.334 2.096 1.331 2.097 1.327 2.099 1.323 2.101 1.319 2.103 1.315 2.105 1.311 2.107 1.307 2.109 1.302 2.111 1.297 2.113 1.293 2.115 1.288 2.118 1.283 2.12 1.277 2.123 1.272 2.125 1.267 2.128 1.261 2.13 1.255 2.133 1.25 2.136 1.244 2.139 1.238 2.142 1.231 2.145 1.225 2.148 1.219 2.151 1.212 2.154 1.206 2.157 1.199 2.16 1.192 2.164 1.185 2.167 1.178 2.17 1.171 2.174 1.164 2.177 1.156 2.181 1.149 2.184 1.141 2.188 1.134 2.192 1.126 2.196 1.118 2.199 1.11 2.203 1.102 2.207 1.094 2.211 1.086 2.215 1.078 2.219 1.07 2.223 1.062 2.227 1.053 2.231 1.045 2.235 1.036 2.239 1.027 2.243 1.019 2.248 1.01 2.252 1.001 2.256 .992 2.26 .983 2.265 .974 2.269 .965 2.273 .956 2.278 .947 2.282 .938 2.287 .929 2.291 .92 2.296 .91 2.3 .901 2.305 .892 2.309 .882 2.314 .873 2.318 .863 2.323 .854 2.328 .844 2.332 .835 2.337 .825 2.342 .815 2.346 .806 2.351 .796 2.356 .786 2.36 .777 2.365 .767 2.37 .757 2.375 .748 2.379 .738 2.384 .728 2.389 .718 2.394 .709 2.398 .699 2.403 .689 2.408 .679 2.413 .67 2.417 .66 2.422 .65 2.427 .641 2.432 .631 2.436 .621 2.441 .612 2.446 .602 2.45 .592 2.455 .583 2.46 .573 2.465 .564 2.469 .554 2.474 .545 2.478 .535 2.483 .526 2.488 .516 2.492 .507 2.497 .498 2.501 .488 2.506 .479 2.51 .47 2.515 .461 2.519 .452 2.524 .443 2.528 .434 2.533 .425 2.537 .416 2.541 .407 2.546 .398 2.55 .39 2.554 .381 2.558 .372 2.563 .364 2.567 .356 2.571 .347 2.575 .339 2.579 .331 2.583 .323 2.587 .314 2.591 .307 2.595 .299 2.599 .291 2.602 .283 2.606 .275 2.61 .268 2.614 .26 2.617 .253 2.621 .246 2.624 .239 2.628 .232 2.631 .225 2.635 .218 2.638 .211 2.641 .204 2.645 .198 2.648 .191 2.651 .185 2.654 .179 2.657 .173 2.66 .167 2.663 .161 2.666 .155 2.669 .15 2.672 .144 2.674 .139 2.677 .134 2.679 .128 2.682 .124 2.684 .119 2.687 .114 2.689 .109 2.691 .105 2.693 .101 2.695 .097 2.697 .093 2.699 .089 2.701 .085 2.703 .082 2.705 .078 2.706 .075 2.708 .072 2.71 .069 2.711 .066 2.712 .064 2.714 .061 2.715 .059 2.716 .057 2.717 .055 2.718 .053 2.719 .052 2.719 .05 2.72 .049 2.721 .048 2.721 .047 2.722 .047 2.722 .046 2.722 .046 2.722 .046 2.722"/>
<path  fill="#6093B2" d="M4.047 1.272C4.047 1.272 4.055 1.249 4.055 1.249C4.055 1.249 4.104 1.261 4.104 1.261C4.104 1.261 4.127 1.143 4.127 1.143C4.127 1.143 4.371 1.196 4.371 1.196C4.371 1.196 4.344 1.333 4.344 1.333C4.344 1.333 4.047 1.272 4.047 1.272Z
"/>
<polyline stroke="#000000" stroke-width="0.006944" points="4.047 1.272 4.055 1.249 4.055 1.249 4.104 1.261 4.104 1.261 4.127 1.143 4.127 1.143 4.371 1.196 4.371 1.196 4.344 1.333 4.344 1.333 4.047 1.272"/>
</g>
<g id="IsoG3" apstype="grobject">
<path  fill="#00356A" d="M4.238 1.149C4.238 1.149 4.362 1.173 4.362 1.173C4.362 1.173 4.382 1.083 4.382 1.083C4.382 1.083 4.448 1.097 4.448 1.097C4.448 1.097 4.474 .963 4.474 .963C4.474 .963 4.582 .984 4.582 .984C4.582 .984 4.578 1.015 4.577 1.027C4.575 1.038 4.588 1.041 4.597 1.041C4.605 1.042 4.616 1.036 4.618 1.02C4.62 1.005 4.633 .95 4.633 .95C4.633 .95 5.202 1.071 5.245 1.08C5.289 1.088 5.298 1.082 5.305 1.04C5.312 .999 5.326 .933 5.326 .933C5.326 .933 5.348 .937 5.348 .937C5.348 .937 5.363 .877 5.363 .877C5.363 .877 5.375 .872 5.377 .86C5.378 .847 5.372 .836 5.372 .836C5.372 .836 5.406 .687 5.406 .687C5.406 .687 5.406 .675 5.406 .675C5.406 .675 5.424 .587 5.43 .569C5.435 .551 5.441 .52 5.402 .51C5.364 .501 4.367 .286 4.324 .276C4.28 .266 4.268 .292 4.262 .329C4.255 .366 4.19 .69 4.19 .69C4.19 .69 4.21 .694 4.21 .694C4.21 .694 4.164 .923 4.16 .938C4.156 .953 4.182 .96 4.186 .943C4.191 .925 4.198 .903 4.198 .903C4.198 .903 4.285 .924 4.285 .924C4.285 .924 4.238 1.149 4.238 1.149Z
"/>
<polyline stroke="#000000" stroke-width="0.006944" points="4.238 1.149 4.362 1.173 4.362 1.173 4.382 1.083 4.382 1.083 4.448 1.097 4.448 1.097 4.474 .963 4.474 .963 4.582 .984 4.582 .984 4.581 .986 4.581 .992 4.58 1.001 4.579 1.011 4.578 1.02 4.577 1.027 4.577 1.027 4.578 1.034 4.583 1.038 4.59 1.04 4.597 1.041 4.597 1.041 4.603 1.04 4.61 1.037 4.615 1.03 4.618 1.02 4.618 1.02 4.619 1.015 4.62 1.007 4.622 .999 4.624 .989 4.626 .98 4.628 .971 4.63 .963 4.632 .956 4.633 .952 4.633 .95 4.633 .95 4.633 .95 4.634 .95 4.635 .951 4.636 .951 4.638 .951 4.64 .952 4.643 .952 4.645 .953 4.649 .954 4.652 .954 4.656 .955 4.66 .956 4.665 .957 4.669 .958 4.674 .959 4.68 .96 4.685 .961 4.691 .963 4.697 .964 4.704 .965 4.71 .967 4.717 .968 4.724 .97 4.732 .971 4.739 .973 4.747 .974 4.755 .976 4.763 .978 4.771 .98 4.779 .981 4.788 .983 4.796 .985 4.805 .987 4.814 .989 4.823 .991 4.832 .993 4.841 .995 4.851 .997 4.86 .999 4.87 1.001 4.879 1.003 4.889 1.005 4.899 1.007 4.908 1.009 4.918 1.011 4.928 1.013 4.937 1.015 4.947 1.017 4.957 1.019 4.967 1.021 4.976 1.023 4.986 1.025 4.996 1.027 5.005 1.029 5.015 1.031 5.024 1.033 5.034 1.035 5.043 1.037 5.052 1.039 5.061 1.041 5.07 1.043 5.079 1.045 5.088 1.047 5.096 1.049 5.105 1.05 5.113 1.052 5.121 1.054 5.129 1.056 5.137 1.057 5.145 1.059 5.152 1.06 5.159 1.062 5.166 1.063 5.173 1.065 5.18 1.066 5.186 1.067 5.192 1.069 5.198 1.07 5.203 1.071 5.208 1.072 5.213 1.073 5.218 1.074 5.222 1.075 5.226 1.076 5.23 1.077 5.234 1.077 5.237 1.078 5.239 1.079 5.242 1.079 5.244 1.079 5.245 1.08 5.245 1.08 5.259 1.082 5.269 1.083 5.278 1.083 5.286 1.081 5.291 1.077 5.296 1.071 5.3 1.063 5.303 1.053 5.305 1.04 5.305 1.04 5.306 1.032 5.308 1.024 5.31 1.015 5.311 1.006 5.313 .997 5.315 .988 5.317 .979 5.318 .971 5.32 .963 5.321 .956 5.322 .949 5.324 .944 5.325 .939 5.325 .936 5.326 .933 5.326 .933 5.326 .933 5.348 .937 5.348 .937 5.363 .877 5.363 .877 5.365 .876 5.369 .873 5.374 .868 5.377 .86 5.377 .86 5.377 .851 5.375 .843 5.373 .838 5.372 .836 5.372 .836 5.406 .687 5.406 .687 5.406 .675 5.406 .675 5.407 .674 5.407 .672 5.408 .667 5.409 .661 5.411 .654 5.412 .646 5.414 .638 5.416 .629 5.418 .62 5.42 .611 5.422 .602 5.424 .593 5.425 .585 5.427 .579 5.428 .573 5.43 .569 5.43 .569 5.431 .562 5.433 .555 5.434 .548 5.433 .54 5.431 .533 5.428 .526 5.422 .519 5.414 .514 5.402 .51 5.402 .51 5.402 .51 5.401 .51 5.399 .509 5.398 .509 5.396 .509 5.394 .508 5.392 .508 5.39 .507 5.387 .507 5.384 .506 5.381 .505 5.378 .505 5.375 .504 5.372 .503 5.368 .502 5.364 .501 5.36 .501 5.356 .5 5.351 .499 5.347 .498 5.342 .497 5.337 .496 5.332 .494 5.327 .493 5.321 .492 5.316 .491 5.31 .49 5.304 .488 5.298 .487 5.292 .486 5.286 .484 5.28 .483 5.273 .482 5.266 .48 5.26 .479 5.253 .477 5.246 .476 5.238 .474 5.231 .472 5.224 .471 5.216 .469 5.209 .468 5.201 .466 5.193 .464 5.185 .462 5.177 .461 5.169 .459 5.161 .457 5.152 .455 5.144 .454 5.135 .452 5.127 .45 5.118 .448 5.109 .446 5.101 .444 5.092 .442 5.083 .44 5.074 .438 5.065 .436 5.056 .434 5.046 .432 5.037 .43 5.028 .428 5.019 .426 5.009 .424 5.0 .422 4.99 .42 4.981 .418 4.971 .416 4.962 .414 4.952 .412 4.942 .41 4.933 .408 4.923 .406 4.913 .404 4.904 .402 4.894 .399 4.884 .397 4.875 .395 4.865 .393 4.855 .391 4.845 .389 4.836 .387 4.826 .385 4.816 .383 4.807 .381 4.797 .378 4.787 .376 4.778 .374 4.768 .372 4.758 .37 4.749 .368 4.739 .366 4.73 .364 4.72 .362 4.711 .36 4.702 .358 4.692 .356 4.683 .354 4.674 .352 4.665 .35 4.656 .348 4.647 .346 4.638 .344 4.629 .342 4.62 .34 4.611 .338 4.602 .336 4.594 .335 4.585 .333 4.577 .331 4.569 .329 4.56 .327 4.552 .326 4.544 .324 4.536 .322 4.528 .32 4.52 .319 4.513 .317 4.505 .315 4.498 .314 4.49 .312 4.483 .311 4.476 .309 4.469 .308 4.462 .306 4.455 .305 4.449 .303 4.442 .302 4.436 .3 4.43 .299 4.424 .298 4.418 .296 4.412 .295 4.407 .294 4.401 .293 4.396 .292 4.391 .291 4.386 .289 4.381 .288 4.376 .287 4.372 .286 4.367 .286 4.363 .285 4.359 .284 4.356 .283 4.352 .282 4.349 .281 4.345 .281 4.342 .28 4.34 .279 4.337 .279 4.335 .278 4.332 .278 4.33 .277 4.329 .277 4.327 .277 4.326 .276 4.325 .276 4.324 .276 4.324 .276 4.31 .274 4.299 .274 4.29 .277 4.282 .282 4.276 .288 4.271 .296 4.267 .306 4.264 .317 4.262 .329 4.262 .329 4.261 .331 4.261 .334 4.26 .338 4.259 .342 4.258 .346 4.257 .351 4.256 .356 4.255 .362 4.254 .369 4.253 .375 4.251 .382 4.25 .389 4.249 .397 4.247 .405 4.245 .413 4.244 .422 4.242 .43 4.24 .439 4.239 .448 4.237 .457 4.235 .466 4.233 .476 4.231 .485 4.229 .495 4.227 .504 4.226 .514 4.224 .523 4.222 .533 4.22 .542 4.218 .552 4.216 .561 4.214 .57 4.213 .579 4.211 .588 4.209 .596 4.207 .605 4.206 .613 4.204 .62 4.203 .628 4.201 .635 4.2 .642 4.199 .649 4.197 .655 4.196 .66 4.195 .666 4.194 .671 4.193 .675 4.193 .679 4.192 .682 4.191 .685 4.191 .687 4.191 .689 4.191 .69 4.19 .69 4.19 .69 4.21 .694 4.21 .694 4.21 .694 4.21 .696 4.209 .698 4.209 .702 4.208 .706 4.207 .711 4.206 .717 4.204 .723 4.203 .73 4.201 .737 4.2 .745 4.198 .754 4.196 .763 4.194 .772 4.193 .781 4.191 .791 4.189 .8 4.187 .81 4.185 .82 4.183 .83 4.181 .84 4.179 .849 4.177 .859 4.175 .868 4.173 .877 4.171 .885 4.169 .893 4.168 .901 4.166 .908 4.165 .914 4.164 .92 4.163 .925 4.162 .93 4.161 .933 4.161 .936 4.16 .938 4.16 .938 4.162 .947 4.17 .952 4.18 .951 4.186 .943 4.186 .943 4.189 .933 4.191 .924 4.194 .916 4.196 .909 4.198 .904 4.198 .903 4.198 .903 4.285 .924 4.285 .924 4.238 1.149"/>
<path  stroke="#000000" stroke-width="0.006944" d="M5.326 .933C5.326 .933 5.374 .696 5.374 .696C5.374 .696 5.36 .688 5.363 .676C5.365 .664 5.379 .605 5.381 .597C5.382 .59 5.368 .583 5.363 .591C5.358 .598 5.357 .602 5.357 .602C5.357 .602 5.349 .602 5.349 .602C5.349 .602 5.353 .564 5.353 .564C5.353 .564 5.402 .575 5.402 .575C5.402 .575 5.388 .656 5.387 .663C5.387 .669 5.395 .675 5.405 .673"/>
<path  stroke="#000000" stroke-width="0.006944" d="M5.336 .884C5.336 .884 5.361 .884 5.361 .884"/>
</g>
</g>
<g id="IsoL4" apstype="grobject" apsname="Lupenbild">
<path  fill="#C8C8C8" d="M6.704 3.751C6.704 3.751 4.539 3.751 4.539 3.751C4.539 3.751 4.539 1.783 4.539 1.783C4.539 1.783 6.704 1.783 6.704 1.783C6.704 1.783 6.704 3.751 6.704 3.751Z
"/>
<g id="IsoG4" apstype="grobject">
<path  fill="#3F3F3F" d="M5.192 1.888C5.192 1.888 5.113 2.309 5.105 2.342C5.098 2.374 5.071 2.374 5.045 2.363C5.019 2.353 4.935 2.345 4.917 2.339C4.9 2.334 4.882 2.365 4.879 2.388C4.877 2.411 4.873 2.437 4.868 2.456C4.864 2.475 4.841 2.475 4.815 2.468C4.79 2.462 4.692 2.445 4.67 2.44C4.648 2.434 4.65 2.402 4.661 2.358C4.671 2.315 4.666 2.285 4.639 2.277C4.612 2.268 4.539 2.249 4.539 2.249C4.539 2.249 4.539 3.752 4.539 3.752C4.539 3.752 6.705 3.752 6.705 3.752C6.705 3.752 6.703 2.783 6.703 2.783C6.703 2.783 6.375 2.714 6.375 2.714C6.375 2.714 6.393 2.633 6.4 2.593C6.406 2.554 6.385 2.538 6.385 2.538C6.385 2.538 6.401 2.525 6.404 2.509C6.406 2.493 6.453 2.256 6.453 2.256C6.453 2.256 6.478 2.163 6.478 2.163C6.478 2.163 5.192 1.888 5.192 1.888Z
"/>
<polyline stroke="#000000" stroke-width="0.006944" points="5.192 1.888 5.192 1.888 5.192 1.889 5.191 1.891 5.191 1.892 5.191 1.895 5.19 1.898 5.189 1.901 5.189 1.905 5.188 1.909 5.187 1.914 5.186 1.919 5.185 1.924 5.184 1.93 5.183 1.936 5.182 1.942 5.18 1.949 5.179 1.956 5.178 1.964 5.176 1.971 5.175 1.979 5.173 1.987 5.172 1.996 5.17 2.004 5.168 2.013 5.167 2.022 5.165 2.031 5.163 2.04 5.161 2.05 5.16 2.059 5.158 2.069 5.156 2.078 5.154 2.088 5.152 2.098 5.15 2.108 5.148 2.117 5.147 2.127 5.145 2.137 5.143 2.147 5.141 2.156 5.139 2.166 5.137 2.176 5.136 2.185 5.134 2.194 5.132 2.204 5.13 2.213 5.129 2.222 5.127 2.23 5.125 2.239 5.124 2.247 5.122 2.255 5.121 2.263 5.119 2.271 5.118 2.278 5.117 2.285 5.115 2.292 5.114 2.298 5.113 2.304 5.112 2.31 5.111 2.315 5.11 2.32 5.109 2.324 5.108 2.328 5.107 2.332 5.107 2.335 5.106 2.338 5.106 2.34 5.105 2.342 5.105 2.342 5.102 2.352 5.098 2.359 5.092 2.364 5.086 2.368 5.078 2.369 5.07 2.37 5.062 2.369 5.054 2.366 5.045 2.363 5.045 2.363 5.04 2.362 5.035 2.36 5.029 2.358 5.022 2.357 5.015 2.355 5.007 2.354 4.999 2.353 4.991 2.351 4.982 2.35 4.974 2.349 4.966 2.347 4.958 2.346 4.95 2.345 4.943 2.344 4.936 2.343 4.93 2.342 4.925 2.341 4.921 2.34 4.917 2.339 4.917 2.339 4.91 2.339 4.903 2.342 4.896 2.349 4.89 2.357 4.885 2.367 4.881 2.378 4.879 2.388 4.879 2.388 4.878 2.395 4.878 2.402 4.877 2.409 4.875 2.416 4.874 2.424 4.873 2.431 4.872 2.437 4.871 2.444 4.87 2.45 4.868 2.456 4.868 2.456 4.866 2.462 4.862 2.467 4.857 2.47 4.85 2.472 4.843 2.472 4.834 2.472 4.825 2.47 4.815 2.468 4.815 2.468 4.811 2.467 4.807 2.466 4.801 2.465 4.795 2.464 4.788 2.462 4.781 2.461 4.774 2.46 4.766 2.458 4.758 2.457 4.749 2.455 4.741 2.454 4.733 2.452 4.725 2.45 4.717 2.449 4.709 2.448 4.702 2.446 4.695 2.445 4.689 2.444 4.683 2.442 4.678 2.441 4.673 2.44 4.67 2.44 4.67 2.44 4.665 2.438 4.661 2.435 4.658 2.431 4.656 2.426 4.654 2.42 4.653 2.413 4.653 2.406 4.653 2.397 4.654 2.388 4.656 2.379 4.658 2.369 4.661 2.358 4.661 2.358 4.663 2.348 4.665 2.338 4.666 2.328 4.666 2.32 4.665 2.311 4.664 2.304 4.662 2.298 4.659 2.292 4.655 2.287 4.651 2.282 4.645 2.279 4.639 2.277 4.639 2.277 4.633 2.275 4.626 2.273 4.618 2.271 4.61 2.268 4.601 2.266 4.592 2.264 4.583 2.261 4.575 2.259 4.567 2.257 4.559 2.255 4.553 2.253 4.547 2.252 4.543 2.25 4.54 2.25 4.539 2.249 4.539 2.249 4.539 3.752 4.539 3.752 6.705 3.752 6.705 3.752 6.703 2.783 6.703 2.783 6.375 2.714 6.375 2.714 6.375 2.713 6.376 2.711 6.377 2.708 6.378 2.703 6.379 2.698 6.38 2.692 6.382 2.684 6.383 2.677 6.385 2.668 6.387 2.66 6.389 2.651 6.39 2.642 6.392 2.633 6.394 2.624 6.396 2.616 6.397 2.608 6.398 2.6 6.4 2.593 6.4 2.593 6.401 2.58 6.4 2.568 6.398 2.558 6.395 2.551 6.391 2.545 6.388 2.541 6.386 2.538 6.385 2.538 6.385 2.538 6.387 2.535 6.393 2.529 6.4 2.52 6.404 2.509 6.404 2.509 6.404 2.507 6.405 2.504 6.405 2.501 6.406 2.497 6.407 2.491 6.408 2.486 6.409 2.479 6.411 2.472 6.412 2.465 6.414 2.457 6.415 2.448 6.417 2.439 6.419 2.43 6.421 2.421 6.423 2.411 6.424 2.401 6.426 2.391 6.428 2.381 6.43 2.372 6.432 2.362 6.434 2.352 6.436 2.342 6.438 2.333 6.439 2.324 6.441 2.315 6.443 2.307 6.444 2.299 6.446 2.292 6.447 2.285 6.448 2.279 6.449 2.273 6.45 2.268 6.451 2.264 6.452 2.261 6.452 2.258 6.453 2.257 6.453 2.256 6.453 2.256 6.478 2.163 6.478 2.163 5.192 1.888"/>
<path  fill="#5A5A5A" d="M4.539 2.646C4.539 2.646 5.288 2.82 5.288 2.82C5.288 2.82 5.392 2.327 5.392 2.327C5.392 2.327 5.18 2.281 5.155 2.277C5.131 2.273 5.12 2.296 5.114 2.321C5.109 2.347 5.09 2.476 5.09 2.476C5.09 2.476 4.875 2.441 4.875 2.441C4.875 2.441 4.862 2.489 4.824 2.483C4.785 2.477 4.67 2.448 4.65 2.441C4.629 2.434 4.633 2.387 4.633 2.387C4.633 2.387 4.539 2.366 4.539 2.366C4.539 2.366 4.539 2.646 4.539 2.646Z
"/>
<polyline stroke="#000000" stroke-width="0.006944" points="4.539 2.646 5.288 2.82 5.288 2.82 5.392 2.327 5.392 2.327 5.391 2.327 5.39 2.326 5.387 2.326 5.384 2.325 5.38 2.324 5.375 2.323 5.369 2.322 5.363 2.321 5.356 2.319 5.349 2.318 5.341 2.316 5.333 2.314 5.324 2.312 5.315 2.31 5.306 2.308 5.297 2.306 5.287 2.304 5.278 2.302 5.268 2.3 5.258 2.298 5.249 2.296 5.24 2.294 5.23 2.292 5.221 2.29 5.213 2.288 5.204 2.287 5.197 2.285 5.189 2.283 5.182 2.282 5.176 2.281 5.17 2.28 5.165 2.279 5.161 2.278 5.158 2.277 5.155 2.277 5.155 2.277 5.145 2.276 5.137 2.279 5.131 2.284 5.125 2.292 5.121 2.301 5.117 2.311 5.114 2.321 5.114 2.321 5.114 2.325 5.113 2.33 5.112 2.336 5.11 2.343 5.109 2.351 5.108 2.359 5.107 2.367 5.105 2.376 5.104 2.385 5.102 2.395 5.101 2.404 5.099 2.413 5.098 2.422 5.097 2.431 5.095 2.439 5.094 2.447 5.093 2.454 5.092 2.46 5.091 2.466 5.091 2.47 5.09 2.474 5.09 2.476 5.09 2.476 5.09 2.476 4.875 2.441 4.875 2.441 4.875 2.443 4.873 2.448 4.869 2.456 4.864 2.464 4.857 2.472 4.848 2.479 4.837 2.483 4.824 2.483 4.824 2.483 4.819 2.482 4.813 2.481 4.807 2.48 4.801 2.479 4.794 2.478 4.787 2.476 4.779 2.474 4.771 2.472 4.763 2.471 4.755 2.469 4.747 2.467 4.738 2.465 4.73 2.462 4.722 2.46 4.713 2.458 4.705 2.456 4.698 2.454 4.69 2.452 4.683 2.451 4.677 2.449 4.671 2.447 4.665 2.446 4.66 2.444 4.656 2.443 4.652 2.442 4.65 2.441 4.65 2.441 4.643 2.437 4.639 2.43 4.636 2.421 4.634 2.411 4.633 2.402 4.633 2.394 4.633 2.389 4.633 2.387 4.633 2.387 4.539 2.366 4.539 2.366 4.539 2.646"/>
<path  fill="#5A5A5A" d="M5.133 2.248C5.133 2.248 5.219 2.268 5.219 2.268C5.219 2.268 5.23 2.254 5.25 2.258C5.271 2.263 5.275 2.285 5.275 2.285C5.275 2.285 5.373 2.311 5.373 2.311C5.373 2.311 5.381 2.292 5.381 2.292C5.381 2.292 5.449 2.267 5.449 2.267C5.449 2.267 5.392 2.214 5.392 2.214C5.392 2.214 5.401 2.15 5.401 2.15C5.401 2.15 5.478 2.116 5.478 2.116C5.478 2.116 5.428 2.055 5.428 2.055C5.428 2.055 5.432 2.033 5.432 2.033C5.432 2.033 5.334 2.01 5.334 2.01C5.334 2.01 5.343 2.062 5.295 2.05C5.248 2.038 5.275 1.998 5.275 1.998C5.275 1.998 5.181 1.982 5.181 1.982C5.181 1.982 5.133 2.248 5.133 2.248Z
"/>
<polyline stroke="#000000" stroke-width="0.006944" points="5.133 2.248 5.219 2.268 5.219 2.268 5.22 2.267 5.224 2.264 5.23 2.26 5.239 2.258 5.25 2.258 5.25 2.258 5.263 2.264 5.27 2.273 5.274 2.281 5.275 2.285 5.275 2.285 5.373 2.311 5.373 2.311 5.381 2.292 5.381 2.292 5.449 2.267 5.449 2.267 5.392 2.214 5.392 2.214 5.401 2.15 5.401 2.15 5.478 2.116 5.478 2.116 5.428 2.055 5.428 2.055 5.432 2.033 5.432 2.033 5.334 2.01 5.334 2.01 5.335 2.014 5.335 2.023 5.333 2.035 5.326 2.045 5.314 2.051 5.295 2.05 5.295 2.05 5.281 2.044 5.272 2.037 5.268 2.028 5.267 2.019 5.269 2.011 5.271 2.004 5.274 2.0 5.275 1.998 5.275 1.998 5.181 1.982 5.181 1.982 5.133 2.248"/>
<path  fill="#5A5A5A" d="M6.086 2.459C6.086 2.459 6.246 2.49 6.246 2.49C6.246 2.49 6.26 2.451 6.291 2.459C6.322 2.467 6.311 2.505 6.311 2.505C6.311 2.505 6.397 2.527 6.397 2.527C6.397 2.527 6.451 2.252 6.451 2.252C6.451 2.252 6.368 2.237 6.368 2.237C6.368 2.237 6.373 2.281 6.333 2.276C6.294 2.271 6.307 2.214 6.307 2.214C6.307 2.214 6.144 2.186 6.144 2.186C6.144 2.186 6.14 2.214 6.14 2.214C6.14 2.214 6.06 2.24 6.06 2.24C6.06 2.24 6.118 2.293 6.118 2.293C6.118 2.293 6.105 2.356 6.105 2.356C6.105 2.356 6.025 2.38 6.025 2.38C6.025 2.38 6.089 2.441 6.089 2.441C6.089 2.441 6.086 2.459 6.086 2.459Z
"/>
<polyline stroke="#000000" stroke-width="0.006944" points="6.086 2.459 6.246 2.49 6.246 2.49 6.247 2.488 6.25 2.482 6.254 2.475 6.26 2.468 6.268 2.461 6.279 2.458 6.291 2.459 6.291 2.459 6.302 2.464 6.309 2.471 6.312 2.48 6.313 2.489 6.313 2.497 6.312 2.503 6.311 2.505 6.311 2.505 6.397 2.527 6.397 2.527 6.451 2.252 6.451 2.252 6.368 2.237 6.368 2.237 6.369 2.24 6.368 2.248 6.366 2.259 6.36 2.268 6.349 2.275 6.333 2.276 6.333 2.276 6.322 2.273 6.314 2.266 6.309 2.258 6.306 2.248 6.305 2.238 6.305 2.229 6.306 2.221 6.307 2.216 6.307 2.214 6.307 2.214 6.144 2.186 6.144 2.186 6.14 2.214 6.14 2.214 6.06 2.24 6.06 2.24 6.118 2.293 6.118 2.293 6.105 2.356 6.105 2.356 6.025 2.38 6.025 2.38 6.089 2.441 6.089 2.441 6.086 2.459"/>
<path  fill="#5A5A5A" d="M6.042 2.47C6.042 2.47 6.37 2.536 6.389 2.542C6.408 2.547 6.402 2.57 6.397 2.591C6.392 2.611 6.375 2.717 6.375 2.717C6.375 2.717 6.701 2.785 6.701 2.785C6.701 2.785 6.705 3.752 6.705 3.752C6.705 3.752 4.539 3.752 4.539 3.752C4.539 3.752 4.539 3.262 4.539 3.262C4.539 3.262 6.23 3.619 6.292 3.63C6.355 3.641 6.386 3.635 6.402 3.574C6.419 3.513 6.478 3.235 6.487 3.194C6.495 3.153 6.468 3.093 6.398 3.077C6.329 3.061 5.943 2.972 5.943 2.972C5.943 2.972 6.042 2.47 6.042 2.47Z
"/>
<polyline stroke="#000000" stroke-width="0.006944" points="6.042 2.47 6.043 2.47 6.044 2.47 6.046 2.47 6.048 2.471 6.051 2.471 6.055 2.472 6.059 2.473 6.064 2.474 6.069 2.475 6.075 2.476 6.082 2.478 6.088 2.479 6.096 2.48 6.103 2.482 6.111 2.484 6.119 2.485 6.128 2.487 6.137 2.489 6.146 2.491 6.155 2.493 6.165 2.495 6.174 2.496 6.184 2.498 6.194 2.501 6.203 2.503 6.213 2.505 6.223 2.507 6.233 2.509 6.243 2.511 6.253 2.513 6.262 2.515 6.272 2.517 6.281 2.519 6.291 2.521 6.299 2.522 6.308 2.524 6.317 2.526 6.325 2.528 6.332 2.529 6.34 2.531 6.347 2.532 6.353 2.534 6.36 2.535 6.365 2.536 6.37 2.537 6.375 2.538 6.379 2.539 6.382 2.54 6.385 2.541 6.387 2.541 6.389 2.542 6.389 2.542 6.396 2.545 6.4 2.55 6.402 2.557 6.402 2.564 6.401 2.573 6.399 2.582 6.397 2.591 6.397 2.591 6.396 2.594 6.395 2.6 6.394 2.606 6.392 2.613 6.391 2.621 6.389 2.629 6.388 2.638 6.386 2.647 6.385 2.657 6.383 2.666 6.382 2.675 6.381 2.683 6.379 2.691 6.378 2.698 6.377 2.705 6.376 2.71 6.376 2.714 6.375 2.716 6.375 2.717 6.375 2.717 6.701 2.785 6.701 2.785 6.705 3.752 6.705 3.752 4.539 3.752 4.539 3.752 4.539 3.262 4.539 3.262 4.539 3.262 4.54 3.262 4.54 3.262 4.541 3.262 4.541 3.262 4.542 3.262 4.543 3.262 4.544 3.263 4.545 3.263 4.547 3.263 4.548 3.264 4.55 3.264 4.552 3.264 4.554 3.265 4.556 3.265 4.558 3.266 4.56 3.266 4.563 3.267 4.565 3.267 4.568 3.268 4.571 3.268 4.574 3.269 4.577 3.27 4.58 3.27 4.583 3.271 4.587 3.272 4.59 3.272 4.594 3.273 4.598 3.274 4.602 3.275 4.606 3.276 4.61 3.277 4.614 3.278 4.619 3.278 4.623 3.279 4.628 3.28 4.633 3.281 4.637 3.282 4.642 3.283 4.647 3.285 4.652 3.286 4.658 3.287 4.663 3.288 4.669 3.289 4.674 3.29 4.68 3.291 4.685 3.293 4.691 3.294 4.697 3.295 4.703 3.296 4.709 3.298 4.716 3.299 4.722 3.3 4.728 3.302 4.735 3.303 4.741 3.304 4.748 3.306 4.755 3.307 4.762 3.309 4.769 3.31 4.776 3.312 4.783 3.313 4.79 3.315 4.797 3.316 4.804 3.318 4.812 3.319 4.819 3.321 4.827 3.322 4.835 3.324 4.842 3.326 4.85 3.327 4.858 3.329 4.866 3.331 4.874 3.332 4.882 3.334 4.89 3.336 4.898 3.337 4.906 3.339 4.914 3.341 4.923 3.343 4.931 3.344 4.94 3.346 4.948 3.348 4.957 3.35 4.965 3.352 4.974 3.354 4.983 3.355 4.992 3.357 5.001 3.359 5.009 3.361 5.018 3.363 5.027 3.365 5.036 3.367 5.045 3.369 5.055 3.37 5.064 3.372 5.073 3.374 5.082 3.376 5.091 3.378 5.101 3.38 5.11 3.382 5.12 3.384 5.129 3.386 5.138 3.388 5.148 3.39 5.157 3.392 5.167 3.394 5.177 3.396 5.186 3.398 5.196 3.4 5.205 3.402 5.215 3.404 5.225 3.406 5.235 3.408 5.244 3.411 5.254 3.413 5.264 3.415 5.274 3.417 5.284 3.419 5.293 3.421 5.303 3.423 5.313 3.425 5.323 3.427 5.333 3.429 5.343 3.431 5.353 3.433 5.363 3.435 5.373 3.438 5.382 3.44 5.392 3.442 5.402 3.444 5.412 3.446 5.422 3.448 5.432 3.45 5.442 3.452 5.452 3.454 5.462 3.456 5.472 3.458 5.482 3.461 5.492 3.463 5.502 3.465 5.511 3.467 5.521 3.469 5.531 3.471 5.541 3.473 5.551 3.475 5.561 3.477 5.571 3.479 5.58 3.481 5.59 3.483 5.6 3.485 5.61 3.487 5.619 3.49 5.629 3.492 5.639 3.494 5.648 3.496 5.658 3.498 5.667 3.5 5.677 3.502 5.687 3.504 5.696 3.506 5.706 3.508 5.715 3.51 5.724 3.512 5.734 3.514 5.743 3.516 5.752 3.517 5.762 3.519 5.771 3.521 5.78 3.523 5.789 3.525 5.798 3.527 5.807 3.529 5.816 3.531 5.825 3.533 5.834 3.535 5.843 3.536 5.852 3.538 5.86 3.54 5.869 3.542 5.878 3.544 5.886 3.546 5.895 3.547 5.903 3.549 5.912 3.551 5.92 3.553 5.928 3.554 5.936 3.556 5.945 3.558 5.953 3.56 5.961 3.561 5.969 3.563 5.976 3.565 5.984 3.566 5.992 3.568 6.0 3.569 6.007 3.571 6.015 3.573 6.022 3.574 6.03 3.576 6.037 3.577 6.044 3.579 6.051 3.58 6.059 3.582 6.066 3.583 6.072 3.585 6.079 3.586 6.086 3.587 6.093 3.589 6.099 3.59 6.106 3.592 6.112 3.593 6.118 3.594 6.125 3.596 6.131 3.597 6.137 3.598 6.143 3.599 6.149 3.6 6.154 3.602 6.16 3.603 6.166 3.604 6.171 3.605 6.176 3.606 6.182 3.607 6.187 3.608 6.192 3.609 6.197 3.61 6.201 3.611 6.206 3.612 6.211 3.613 6.215 3.614 6.22 3.615 6.224 3.616 6.228 3.617 6.232 3.618 6.236 3.619 6.24 3.619 6.244 3.62 6.247 3.621 6.251 3.622 6.254 3.622 6.257 3.623 6.26 3.624 6.263 3.624 6.266 3.625 6.269 3.625 6.271 3.626 6.274 3.626 6.276 3.627 6.278 3.627 6.28 3.628 6.282 3.628 6.284 3.628 6.285 3.629 6.287 3.629 6.288 3.629 6.29 3.629 6.291 3.63 6.292 3.63 6.292 3.63 6.292 3.63 6.304 3.632 6.314 3.633 6.324 3.634 6.334 3.634 6.342 3.634 6.35 3.633 6.358 3.632 6.365 3.629 6.371 3.626 6.377 3.622 6.382 3.616 6.387 3.61 6.392 3.603 6.396 3.595 6.399 3.585 6.402 3.574 6.402 3.574 6.403 3.571 6.404 3.567 6.405 3.563 6.407 3.558 6.408 3.553 6.409 3.548 6.41 3.542 6.412 3.536 6.413 3.53 6.415 3.523 6.416 3.516 6.418 3.509 6.42 3.502 6.421 3.495 6.423 3.487 6.425 3.479 6.427 3.471 6.428 3.463 6.43 3.455 6.432 3.446 6.434 3.438 6.436 3.429 6.438 3.42 6.44 3.412 6.442 3.403 6.444 3.394 6.446 3.385 6.448 3.376 6.45 3.368 6.451 3.359 6.453 3.35 6.455 3.341 6.457 3.333 6.459 3.324 6.461 3.316 6.462 3.308 6.464 3.3 6.466 3.292 6.468 3.284 6.469 3.276 6.471 3.269 6.472 3.262 6.474 3.255 6.475 3.248 6.477 3.242 6.478 3.236 6.479 3.23 6.48 3.224 6.481 3.219 6.482 3.214 6.483 3.21 6.484 3.206 6.485 3.202 6.486 3.199 6.486 3.196 6.487 3.194 6.487 3.194 6.488 3.186 6.488 3.179 6.488 3.171 6.486 3.163 6.484 3.154 6.482 3.146 6.478 3.138 6.474 3.13 6.469 3.122 6.463 3.115 6.456 3.108 6.449 3.101 6.44 3.095 6.431 3.089 6.421 3.084 6.41 3.08 6.398 3.077 6.398 3.077 6.395 3.076 6.391 3.075 6.387 3.074 6.383 3.073 6.378 3.072 6.373 3.071 6.367 3.07 6.361 3.068 6.355 3.067 6.348 3.065 6.342 3.064 6.335 3.062 6.327 3.06 6.32 3.059 6.312 3.057 6.304 3.055 6.296 3.053 6.288 3.051 6.279 3.049 6.27 3.047 6.261 3.045 6.253 3.043 6.243 3.041 6.234 3.039 6.225 3.037 6.216 3.035 6.206 3.033 6.197 3.03 6.187 3.028 6.178 3.026 6.168 3.024 6.159 3.022 6.149 3.02 6.14 3.017 6.131 3.015 6.121 3.013 6.112 3.011 6.103 3.009 6.094 3.007 6.085 3.005 6.076 3.003 6.068 3.001 6.059 2.999 6.051 2.997 6.043 2.995 6.035 2.993 6.028 2.992 6.02 2.99 6.013 2.988 6.006 2.987 6.0 2.985 5.993 2.984 5.987 2.982 5.982 2.981 5.976 2.98 5.971 2.979 5.967 2.978 5.962 2.977 5.958 2.976 5.955 2.975 5.952 2.974 5.949 2.974 5.947 2.973 5.945 2.973 5.944 2.973 5.943 2.972 5.943 2.972 5.943 2.972 6.042 2.47"/>
</g>
<path  fill="#00356A" d="M5.105 1.783C5.105 1.783 5.06 2.023 5.053 2.061C5.046 2.099 5.061 2.124 5.089 2.127C5.116 2.13 5.143 2.124 5.148 2.095C5.154 2.065 5.169 2.016 5.171 1.999C5.174 1.983 5.182 1.976 5.218 1.985C5.253 1.993 5.469 2.04 5.469 2.04C5.469 2.04 5.305 2.786 5.305 2.786C5.305 2.786 5.734 2.881 5.734 2.881C5.734 2.881 5.792 2.581 5.792 2.581C5.792 2.581 6.007 2.629 6.007 2.629C6.007 2.629 6.101 2.175 6.101 2.175C6.101 2.175 6.436 2.245 6.454 2.251C6.472 2.256 6.461 2.317 6.454 2.354C6.447 2.391 6.481 2.426 6.514 2.429C6.546 2.432 6.576 2.406 6.587 2.346C6.598 2.286 6.625 2.16 6.635 2.145C6.644 2.13 6.656 2.122 6.701 2.133C6.701 2.133 6.705 1.783 6.705 1.783C6.705 1.783 5.105 1.783 5.105 1.783Z
"/>
<polyline stroke="#000000" stroke-width="0.013889" points="5.105 1.783 5.105 1.784 5.105 1.785 5.105 1.787 5.104 1.79 5.103 1.793 5.103 1.797 5.102 1.802 5.101 1.808 5.1 1.813 5.098 1.82 5.097 1.827 5.096 1.834 5.094 1.842 5.093 1.85 5.091 1.858 5.09 1.867 5.088 1.875 5.086 1.884 5.084 1.894 5.083 1.903 5.081 1.913 5.079 1.922 5.077 1.931 5.076 1.941 5.074 1.95 5.072 1.96 5.07 1.969 5.069 1.978 5.067 1.987 5.065 1.995 5.064 2.003 5.062 2.011 5.061 2.019 5.06 2.026 5.058 2.032 5.057 2.039 5.056 2.044 5.055 2.049 5.054 2.054 5.054 2.057 5.053 2.061 5.053 2.061 5.052 2.072 5.052 2.082 5.053 2.091 5.055 2.1 5.058 2.107 5.062 2.114 5.068 2.119 5.074 2.123 5.081 2.126 5.089 2.127 5.089 2.127 5.098 2.128 5.106 2.128 5.115 2.127 5.123 2.125 5.13 2.121 5.136 2.117 5.142 2.111 5.146 2.104 5.148 2.095 5.148 2.095 5.15 2.088 5.151 2.081 5.153 2.073 5.155 2.066 5.157 2.058 5.159 2.05 5.161 2.042 5.163 2.034 5.165 2.027 5.167 2.02 5.168 2.014 5.17 2.008 5.171 2.003 5.171 1.999 5.171 1.999 5.173 1.993 5.176 1.988 5.18 1.984 5.185 1.982 5.193 1.981 5.204 1.982 5.218 1.985 5.218 1.985 5.221 1.985 5.225 1.986 5.23 1.987 5.235 1.988 5.241 1.99 5.247 1.991 5.254 1.993 5.262 1.994 5.27 1.996 5.278 1.998 5.287 2.0 5.295 2.002 5.305 2.004 5.314 2.006 5.323 2.008 5.333 2.01 5.342 2.012 5.352 2.014 5.361 2.016 5.371 2.019 5.38 2.021 5.389 2.023 5.398 2.025 5.406 2.026 5.414 2.028 5.422 2.03 5.429 2.032 5.436 2.033 5.443 2.034 5.448 2.036 5.454 2.037 5.458 2.038 5.462 2.039 5.465 2.039 5.467 2.04 5.469 2.04 5.469 2.04 5.469 2.04 5.305 2.786 5.305 2.786 5.734 2.881 5.734 2.881 5.792 2.581 5.792 2.581 6.007 2.629 6.007 2.629 6.101 2.175 6.101 2.175 6.101 2.175 6.102 2.175 6.104 2.175 6.106 2.176 6.109 2.177 6.113 2.177 6.117 2.178 6.122 2.179 6.128 2.18 6.133 2.182 6.14 2.183 6.146 2.184 6.153 2.186 6.161 2.187 6.169 2.189 6.177 2.191 6.186 2.193 6.194 2.195 6.203 2.196 6.213 2.198 6.222 2.2 6.231 2.202 6.241 2.204 6.251 2.207 6.261 2.209 6.271 2.211 6.281 2.213 6.291 2.215 6.301 2.217 6.31 2.219 6.32 2.221 6.33 2.223 6.339 2.225 6.349 2.227 6.358 2.229 6.366 2.231 6.375 2.233 6.383 2.235 6.391 2.237 6.399 2.238 6.406 2.24 6.413 2.241 6.42 2.243 6.426 2.244 6.431 2.245 6.436 2.247 6.441 2.248 6.445 2.248 6.448 2.249 6.451 2.25 6.453 2.25 6.454 2.251 6.454 2.251 6.457 2.253 6.46 2.256 6.461 2.26 6.463 2.266 6.463 2.272 6.464 2.279 6.463 2.287 6.463 2.295 6.462 2.303 6.461 2.312 6.46 2.321 6.458 2.33 6.457 2.338 6.455 2.346 6.454 2.354 6.454 2.354 6.453 2.364 6.454 2.374 6.457 2.383 6.461 2.392 6.466 2.4 6.472 2.408 6.48 2.414 6.488 2.42 6.496 2.424 6.505 2.427 6.514 2.429 6.514 2.429 6.522 2.429 6.53 2.428 6.538 2.425 6.545 2.422 6.552 2.417 6.559 2.411 6.565 2.403 6.571 2.395 6.576 2.384 6.58 2.373 6.584 2.36 6.587 2.346 6.587 2.346 6.588 2.34 6.59 2.333 6.591 2.326 6.592 2.319 6.594 2.311 6.595 2.304 6.597 2.295 6.599 2.287 6.6 2.279 6.602 2.271 6.604 2.262 6.606 2.254 6.608 2.245 6.61 2.237 6.611 2.229 6.613 2.22 6.615 2.213 6.617 2.205 6.619 2.197 6.621 2.19 6.622 2.184 6.624 2.177 6.626 2.171 6.627 2.166 6.629 2.161 6.63 2.156 6.631 2.153 6.633 2.149 6.634 2.147 6.635 2.145 6.635 2.145 6.638 2.141 6.641 2.137 6.645 2.134 6.649 2.131 6.655 2.129 6.661 2.128 6.669 2.128 6.678 2.128 6.689 2.13 6.701 2.133 6.701 2.133 6.705 1.783 6.705 1.783 5.105 1.783"/>
<g id="IsoG5" apstype="grobject">
<path  fill="#4A6F8A" d="M4.539 2.716C4.539 2.716 6.098 3.088 6.098 3.088C6.098 3.088 6.227 3.297 6.227 3.297C6.227 3.297 6.178 3.521 6.178 3.521C6.178 3.521 6.117 3.561 6.117 3.561C6.117 3.561 4.537 3.213 4.537 3.213C4.537 3.213 4.539 2.716 4.539 2.716Z
"/>
<polyline stroke="#000000" stroke-width="0.006944" points="4.539 2.716 6.098 3.088 6.098 3.088 6.227 3.297 6.227 3.297 6.178 3.521 6.178 3.521 6.117 3.561 6.117 3.561 4.537 3.213 4.537 3.213 4.539 2.716"/>
<path  fill="#6093B2" d="M5.677 3.399C5.677 3.399 5.71 3.269 5.71 3.269C5.71 3.269 5.866 3.309 5.866 3.309C5.866 3.309 5.877 3.255 5.877 3.255C5.877 3.255 5.71 3.218 5.71 3.218C5.71 3.218 5.734 3.082 5.742 3.064C5.749 3.045 5.785 3.016 5.813 3.022C5.813 3.022 4.863 2.794 4.863 2.794C4.863 2.794 4.891 2.839 4.887 2.861C4.884 2.883 4.851 3.02 4.851 3.02C4.851 3.02 4.688 2.986 4.688 2.986C4.688 2.986 4.676 3.002 4.676 3.002C4.676 3.002 4.544 2.963 4.544 2.963C4.544 2.963 4.543 2.995 4.543 2.995C4.543 2.995 4.831 3.067 4.831 3.067C4.831 3.067 4.801 3.201 4.801 3.201C4.801 3.201 4.642 3.164 4.642 3.164C4.642 3.164 4.632 3.235 4.632 3.235C4.632 3.235 6.117 3.561 6.117 3.561C6.117 3.561 6.178 3.521 6.178 3.521C6.178 3.521 5.677 3.399 5.677 3.399Z
"/>
<polyline stroke="#000000" stroke-width="0.006944" points="5.677 3.399 5.71 3.269 5.71 3.269 5.866 3.309 5.866 3.309 5.877 3.255 5.877 3.255 5.71 3.218 5.71 3.218 5.71 3.217 5.71 3.215 5.711 3.211 5.712 3.207 5.713 3.201 5.714 3.194 5.715 3.187 5.717 3.179 5.719 3.17 5.72 3.162 5.722 3.152 5.724 3.143 5.726 3.133 5.728 3.124 5.729 3.115 5.731 3.106 5.733 3.098 5.735 3.09 5.736 3.083 5.738 3.076 5.739 3.071 5.741 3.067 5.742 3.064 5.742 3.064 5.744 3.058 5.748 3.052 5.753 3.047 5.759 3.041 5.766 3.036 5.773 3.031 5.781 3.027 5.789 3.024 5.797 3.022 5.805 3.021 5.813 3.022 5.813 3.022 4.863 2.794 4.863 2.794 4.864 2.795 4.866 2.798 4.869 2.804 4.873 2.811 4.877 2.819 4.88 2.828 4.884 2.837 4.886 2.846 4.887 2.854 4.887 2.861 4.887 2.861 4.887 2.864 4.886 2.869 4.885 2.874 4.883 2.88 4.882 2.887 4.88 2.895 4.878 2.903 4.876 2.912 4.874 2.921 4.872 2.93 4.87 2.94 4.868 2.949 4.866 2.958 4.864 2.967 4.862 2.976 4.86 2.984 4.858 2.992 4.856 2.999 4.855 3.005 4.854 3.01 4.853 3.014 4.852 3.018 4.851 3.02 4.851 3.02 4.851 3.02 4.688 2.986 4.688 2.986 4.676 3.002 4.676 3.002 4.544 2.963 4.544 2.963 4.543 2.995 4.543 2.995 4.831 3.067 4.831 3.067 4.801 3.201 4.801 3.201 4.642 3.164 4.642 3.164 4.632 3.235 4.632 3.235 6.117 3.561 6.117 3.561 6.178 3.521 6.178 3.521 5.677 3.399"/>
</g>
<path  stroke="#00FF00" stroke-width="0.027778" d="M5.737 2.882C5.737 2.882 5.801 2.895 5.801 2.895"/>
</g>
<g id="IsoL5" apstype="grobject" apsname="Lupe">
<path  fill="#FFFFFF" d="M4.777 1.783C4.777 1.783 4.373 1.231 4.373 1.231C4.373 1.231 4.589 1.783 4.589 1.783C4.589 1.783 4.777 1.783 4.777 1.783Z
"/>
<polyline stroke="#FFFFFF" stroke-width="0.027778" points="4.777 1.783 4.373 1.231 4.373 1.231 4.589 1.783 4.589 1.783 4.777 1.783"/>
<g id="AUTOID_3831" apstype="grobject">
<path  stroke="#FFFFFF" stroke-width="0.027778" d="M4.589 1.783C4.589 1.783 4.539 1.783 4.539 1.783C4.539 1.783 4.539 3.752 4.539 3.752C4.539 3.752 6.705 3.752 6.705 3.752C6.705 3.752 6.705 1.783 6.705 1.783C6.705 1.783 4.777 1.783 4.777 1.783"/>
</g>
<path  stroke="#000000" stroke-width="0.006944" d="M4.777 1.783C4.777 1.783 4.373 1.231 4.373 1.231C4.373 1.231 4.589 1.783 4.589 1.783"/>
<g id="AUTOID_3833" apstype="grobject">
<path  stroke="#000000" stroke-width="0.006944" d="M4.589 1.783C4.589 1.783 4.539 1.783 4.539 1.783C4.539 1.783 4.539 3.752 4.539 3.752C4.539 3.752 6.705 3.752 6.705 3.752C6.705 3.752 6.705 1.783 6.705 1.783C6.705 1.783 4.777 1.783 4.777 1.783"/>
</g>
</g>
<g id="IsoL6" apstype="grobject" apsname="Pos.Nr, Pfeile">
<g id="IsoG6" apstype="grobject">
<path  fill="#FFFFFF" d="M5.59 2.535C5.59 2.535 5.478 2.332 5.478 2.332C5.478 2.332 5.487 2.282 5.487 2.282C5.487 2.282 5.569 2.297 5.569 2.297C5.569 2.297 5.6 2.13 5.6 2.13C5.6 2.13 5.722 2.153 5.722 2.153C5.722 2.153 5.69 2.32 5.69 2.32C5.69 2.32 5.775 2.337 5.775 2.337C5.775 2.337 5.766 2.387 5.766 2.387C5.766 2.387 5.59 2.535 5.59 2.535Z
"/>
<polyline stroke="#FFFFFF" stroke-width="0.039369" points="5.59 2.535 5.478 2.332 5.478 2.332 5.487 2.282 5.487 2.282 5.569 2.297 5.569 2.297 5.6 2.13 5.6 2.13 5.722 2.153 5.722 2.153 5.69 2.32 5.69 2.32 5.775 2.337 5.775 2.337 5.766 2.387 5.766 2.387 5.59 2.535"/>
<g id="IsoG7" apstype="grobject">
<path  fill="#000000" d="M5.599 2.484C5.599 2.484 5.487 2.282 5.487 2.282C5.487 2.282 5.569 2.297 5.569 2.297C5.569 2.297 5.6 2.132 5.6 2.132C5.6 2.132 5.722 2.155 5.722 2.155C5.722 2.155 5.69 2.32 5.69 2.32C5.69 2.32 5.775 2.337 5.775 2.337C5.775 2.337 5.599 2.484 5.599 2.484Z
"/>
<polyline stroke="#000000" stroke-width="0.007086" points="5.599 2.484 5.487 2.282 5.487 2.282 5.569 2.297 5.569 2.297 5.6 2.132 5.6 2.132 5.722 2.155 5.722 2.155 5.69 2.32 5.69 2.32 5.775 2.337 5.775 2.337 5.599 2.484"/>
<path  stroke="#000000" stroke-width="0.007086" d="M5.766 2.387C5.766 2.387 5.59 2.535 5.59 2.535C5.59 2.535 5.478 2.332 5.478 2.332"/>
</g>
</g>
<g id="IsoG8" apstype="grobject">
<path  fill="#FFFFFF" d="M2.485 1.511C2.485 1.511 2.28 1.618 2.28 1.618C2.28 1.618 2.23 1.609 2.23 1.609C2.23 1.609 2.247 1.527 2.247 1.527C2.247 1.527 2.081 1.492 2.081 1.492C2.081 1.492 2.106 1.371 2.106 1.371C2.106 1.371 2.273 1.406 2.273 1.406C2.273 1.406 2.291 1.321 2.291 1.321C2.291 1.321 2.341 1.332 2.341 1.332C2.341 1.332 2.485 1.511 2.485 1.511Z
"/>
<polyline stroke="#FFFFFF" stroke-width="0.039369" points="2.485 1.511 2.28 1.618 2.28 1.618 2.23 1.609 2.23 1.609 2.247 1.527 2.247 1.527 2.081 1.492 2.081 1.492 2.106 1.371 2.106 1.371 2.273 1.406 2.273 1.406 2.291 1.321 2.291 1.321 2.341 1.332 2.341 1.332 2.485 1.511"/>
<g id="IsoG9" apstype="grobject">
<path  fill="#000000" d="M2.435 1.501C2.435 1.501 2.23 1.609 2.23 1.609C2.23 1.609 2.247 1.527 2.247 1.527C2.247 1.527 2.082 1.492 2.082 1.492C2.082 1.492 2.108 1.371 2.108 1.371C2.108 1.371 2.273 1.406 2.273 1.406C2.273 1.406 2.291 1.321 2.291 1.321C2.291 1.321 2.435 1.501 2.435 1.501Z
"/>
<polyline stroke="#000000" stroke-width="0.007086" points="2.435 1.501 2.23 1.609 2.23 1.609 2.247 1.527 2.247 1.527 2.082 1.492 2.082 1.492 2.108 1.371 2.108 1.371 2.273 1.406 2.273 1.406 2.291 1.321 2.291 1.321 2.435 1.501"/>
<path  stroke="#000000" stroke-width="0.007086" d="M2.341 1.332C2.341 1.332 2.485 1.511 2.485 1.511C2.485 1.511 2.28 1.618 2.28 1.618"/>
</g>
</g>
<g id="IsoG10" apstype="grobject">
<path  stroke="#FFFFFF" stroke-width="0.027778" d="M5.681 3.17C5.681 3.17 5.796 2.583 5.796 2.583"/>
<path  stroke="#000000" stroke-width="0.007083" stroke-dasharray=".056,.028" d="M5.681 3.17C5.681 3.17 5.796 2.583 5.796 2.583"/>
</g>
<g id="IsoG11" apstype="grobject">
<path  stroke="#FFFFFF" stroke-width="0.027778" d="M5.246 3.085C5.246 3.085 5.361 2.499 5.361 2.499"/>
<path  stroke="#000000" stroke-width="0.007083" stroke-dasharray=".056,.028" d="M5.246 3.085C5.246 3.085 5.361 2.499 5.361 2.499"/>
</g>
<g id="IsoG12" apstype="grobject">
<path  stroke="#FFFFFF" stroke-width="0.027778" d="M6.147 3.524C6.147 3.524 5.785 2.899 5.785 2.899"/>
<path  stroke="#000000" stroke-width="0.007083" d="M6.147 3.524C6.147 3.524 5.785 2.899 5.785 2.899"/>
</g>
<path  fill="#FFFFFF" d="M6.599 3.64C6.599 3.64 5.695 3.64 5.695 3.64C5.695 3.64 5.695 3.409 5.695 3.409C5.695 3.409 6.599 3.409 6.599 3.409C6.599 3.409 6.599 3.64 6.599 3.64Z
"/>
<g id="IsoG13" apstype="grobject">
<g transform="translate(5.720,3.604)">
<text textLength="0.87" lengthAdjust="spacingAndGlyphs" fill="#000000" font-family="Arial,sans-serif" font-size=".22224">+0,7 mm</text>
</g>
</g>
<g id="IsoG14" apstype="grobject">
<path  stroke="#FFFFFF" stroke-width="0.027778" d="M3.275 2.763C3.275 2.763 3.701 .786 3.701 .786"/>
<path  stroke="#000000" stroke-width="0.007083" stroke-dasharray=".056,.028" d="M3.275 2.763C3.275 2.763 3.701 .786 3.701 .786"/>
</g>
<g id="IsoG15" apstype="grobject">
<path  stroke="#FFFFFF" stroke-width="0.034722" d="M.465 .447C.465 .457 .457 .465 .447 .465C.447 .465 .161 .465 .161 .465C.152 .465 .144 .457 .144 .447C.144 .447 .144 .161 .144 .161C.144 .152 .152 .144 .161 .144C.161 .144 .447 .144 .447 .144C.457 .144 .465 .152 .465 .161C.465 .161 .465 .447 .465 .447"/>
<path  fill="#FFFFFF" d="M.465 .447C.465 .457 .457 .465 .447 .465C.447 .465 .161 .465 .161 .465C.152 .465 .144 .457 .144 .447C.144 .447 .144 .161 .144 .161C.144 .152 .152 .144 .161 .144C.161 .144 .447 .144 .447 .144C.457 .144 .465 .152 .465 .161C.465 .161 .465 .447 .465 .447Z
"/>
<polyline stroke="#010000" stroke-width="0.013889" points=".465 .447 .463 .454 .46 .46 .454 .463 .447 .465 .447 .465 .161 .465 .161 .465 .154 .463 .149 .46 .145 .454 .144 .447 .144 .447 .144 .161 .144 .161 .145 .154 .149 .149 .154 .145 .161 .144 .161 .144 .447 .144 .447 .144 .454 .145 .46 .149 .463 .154 .465 .161 .465 .161 .465 .447"/>
<g id="IsoG16" apstype="grobject">
<path  fill="#69B44B" d="M.431 .178C.431 .178 .438 .187 .438 .187C.41 .208 .38 .24 .346 .283C.312 .326 .287 .366 .269 .403C.269 .403 .255 .413 .255 .413C.243 .421 .235 .427 .231 .431C.229 .425 .225 .415 .22 .401C.22 .401 .214 .389 .214 .389C.207 .371 .2 .357 .193 .349C.186 .34 .179 .335 .171 .332C.185 .317 .197 .31 .209 .31C.219 .31 .23 .323 .242 .35C.242 .35 .248 .364 .248 .364C.269 .327 .297 .291 .331 .257C.365 .222 .398 .196 .431 .178Z
"/>
</g>
</g>
<g id="IsoG17" apstype="grobject">
<path  stroke="#FFFFFF" stroke-width="0.027778" d="M3.432 .876C3.452 .775 3.55 .708 3.652 .727"/>
<path  stroke="#FFFFFF" stroke-width="0.027778" d="M3.378 .866C3.378 .866 3.617 .912 3.617 .912C3.617 .912 3.661 .678 3.661 .678"/>
<path  stroke="#000000" stroke-width="0.007083" d="M3.378 .866C3.378 .866 3.617 .912 3.617 .912C3.617 .912 3.661 .678 3.661 .678"/>
<path  stroke="#000000" stroke-width="0.007083" d="M3.432 .876C3.452 .775 3.55 .708 3.652 .727"/>
<path  stroke="#FFFFFF" stroke-width="0.027778" d="M3.559 .816C3.558 .821 3.554 .824 3.549 .823C3.544 .822 3.541 .817 3.542 .812C3.542 .807 3.547 .804 3.552 .805C3.557 .806 3.56 .811 3.559 .816"/>
<path  fill="#000000" d="M3.559 .816C3.558 .821 3.554 .824 3.549 .823C3.544 .822 3.541 .817 3.542 .812C3.542 .807 3.547 .804 3.552 .805C3.557 .806 3.56 .811 3.559 .816Z
"/>
</g>
</g>
<g id="IsoL7" apstype="grobject" apsname="Rahmen">
<g id="IsoG18" apstype="grobject">
<path  stroke="#FFFFFF" stroke-linecap="square" stroke-width="0.027778" d="M6.705 3.752C6.705 3.752 .039 3.752 .039 3.752C.039 3.752 .039 .039 .039 .039C.039 .039 6.705 .039 6.705 .039C6.705 .039 6.705 3.752 6.705 3.752"/>
<g id="IsoG19" apstype="grobject">
<path  stroke="#FFFFFF" stroke-linecap="square" stroke-width="0.027778" d="M6.705 3.752C6.705 3.752 .039 3.752 .039 3.752C.039 3.752 .039 .039 .039 .039C.039 .039 6.705 .039 6.705 .039C6.705 .039 6.705 3.752 6.705 3.752"/>
<path  stroke="#000000" stroke-width="0.006944" d="M6.705 3.752C6.705 3.752 .039 3.752 .039 3.752C.039 3.752 .039 .039 .039 .039C.039 .039 6.705 .039 6.705 .039C6.705 .039 6.705 3.752 6.705 3.752"/>
</g>
</g>
</g>
<!--end metafileId:pictureId-27961084:Picture 1-->
</svg>
